Vbattery, sensor current, sma current, sma Vbattery, error, timestamp, time, supply voltage, supply current
4.141522648901543,-0.049309353633222835,0.20750874444254744,4.163837932804324,0.000572527211775416,2022-06-22-17-12-47,3111.167909860611,0.0,0.0
4.1380725507525815,-0.04914506621679193,0.20219940962584326,4.163582369953368,0.0006040576895898994,2022-06-22-17-12-48,3112.2592356204987,0.0,0.0
4.136429646909658,-0.04996650329903811,0.19685089152532534,4.1633035741171955,0.0006140146809974033,2022-06-22-17-12-50,3114.375123023987,0.0,0.0
4.136101066143978,-0.05177366488079026,0.19097339910764694,4.163024778281847,0.0006140146801731826,2022-06-22-17-12-53,3116.490514755249,0.0,0.0
4.135115323852746,-0.04799505430203098,0.18529182310878842,4.162737684952884,0.0006223121737889235,2022-06-22-17-12-55,3118.6028192043304,0.0,0.0
4.134293871950041,-0.05325225163033297,0.17925759755845772,4.162445613128395,0.000627290669313075,2022-06-22-17-12-57,3120.7209124565125,0.0,0.0
4.132815258540409,-0.050130790715514864,0.17334092186105396,4.162131967818025,0.0006355881614042531,2022-06-22-17-12-59,3122.8680233955383,0.0,0.0
4.131665225902016,-0.0567022873822358,0.167149963174373,4.161818322510899,0.0006355881581607422,2022-06-22-17-13-01,3124.9980235099792,0.0,0.0
4.13150093552607,-0.05029507813200085,0.1615271620955695,4.161499698706598,0.0006339286584798595,2022-06-22-17-13-03,3127.1080753803253,0.0,0.0
4.130186612527201,-0.05078794038151406,0.15631578548273087,4.161164479913972,0.0006438856499297716,2022-06-22-17-13-05,3129.2366733551025,0.0,0.0
4.130515193275468,-0.05045936554849602,0.15028155993726217,4.160829261120356,0.0006438856489395066,2022-06-22-17-13-07,3131.3545644283295,0.0,0.0
4.129693741406612,-0.05259510196377608,0.14442365915944574,4.160490723330782,0.0006472046448967494,2022-06-22-17-13-10,3133.498272895813,0.0,0.0
4.129529451033566,-0.04996650329903811,0.13884004136370215,4.160143888045597,0.0006422261467193936,2022-06-22-17-13-12,3135.627434015274,0.0,0.0
4.129036579915877,-0.048652203967554014,0.13315846536378353,4.159793733763499,0.0006455451436302261,2022-06-22-17-13-14,3137.7518157958984,0.0,0.0
4.128050837687022,-0.05095222779803693,0.1277707639791726,4.159435281988417,0.0006538426366158985,2022-06-22-17-13-16,3139.856729745865,0.0,0.0
4.128379418429008,-0.04733790463665313,0.12250061244775119,4.159078489711503,0.0006555021347847067,2022-06-22-17-13-18,3141.9673540592194,0.0,0.0
4.1273936762059495,-0.04848791655115961,0.11711291106698761,4.158706761944748,0.0006604806292471082,2022-06-22-17-13-20,3144.1186361312866,0.0,0.0
4.12690080509768,-0.04898077880037016,0.11143133506653691,4.158336693678863,0.0006588211283755462,2022-06-22-17-13-22,3146.2051289081573,0.0,0.0
4.126407933991585,-0.048652203967554014,0.10618077517439803,4.1579616469169585,0.0006637996243967096,2022-06-22-17-13-24,3148.3206284046173,0.0,0.0
4.126572224360042,-0.048816491383957536,0.1007147072280658,4.1575866001545,0.0006637996238430067,2022-06-22-17-13-27,3150.431599378586,0.0,0.0
4.1255864821529205,-0.04980221588257053,0.09503313122627889,4.1572082343969345,0.0006671186189489708,2022-06-22-17-13-29,3152.5338315963745,0.0,0.0
4.1257507725201705,-0.049309353633222835,0.08972379640932232,4.15682820913959,0.0006654591191704066,2022-06-22-17-13-31,3154.649651288986,0.0,0.0
4.12476503032029,-0.04963792846611213,0.08421854517916418,4.156434907891881,0.000672097112640882,2022-06-22-17-13-33,3156.7558562755585,0.0,0.0
4.12476503032029,-0.05062365296500042,0.07883084379507048,4.156038287645715,0.0006687781141835336,2022-06-22-17-13-35,3158.88640165329,0.0,0.0
4.124600739954489,-0.04832362913477431,0.07397211672897575,4.155644986398586,0.0006654591151456574,2022-06-22-17-13-37,3161.005616903305,0.0,0.0
4.124107868858531,-0.05062365296500042,0.06844727385597613,4.155245047156313,0.0006687781118394334,2022-06-22-17-13-39,3163.1102888584137,0.0,0.0
4.123943578493694,-0.051609377464221035,0.06290283934011467,4.154838469917717,0.0006654591127844485,2022-06-22-17-13-41,3165.2236037254333,0.0,0.0
4.123779288129099,-0.05062365296500042,0.05743677139092727,4.154433552178951,0.0006637996129544596,2022-06-22-17-13-43,3167.3300824165344,0.0,0.0
4.12328641703676,-0.05292367679703579,0.05130458763488135,4.154026974942754,0.0006654591103842496,2022-06-22-17-13-46,3169.447876930237,0.0,0.0
4.12295783630974,-0.048652203967554014,0.04615198594910766,4.153617078709314,0.0006687781076268749,2022-06-22-17-13-48,3171.588536500931,0.0,0.0
4.1226292555836865,-0.05325225163033297,0.04009816875751547,4.153198884980961,0.0006671186071774039,2022-06-22-17-13-50,3173.736313343048,0.0,0.0
4.122300674858596,-0.04832362913477431,0.03490638378968614,4.152780691253842,0.0006671186059431948,2022-06-22-17-13-52,3175.8460235595703,0.0,0.0
4.121807803772771,-0.04668075497141981,0.030067248367182164,4.152362497528573,0.0006671186040920515,2022-06-22-17-13-54,3177.9389498233795,0.0,0.0
4.122136384496413,-0.04898077880037016,0.024385672366731476,4.151945963301292,0.0006687781020805057,2022-06-22-17-13-56,3180.05611205101,0.0,0.0
4.1216435134113105,-0.05029507813200085,0.019233070678490935,4.151519472080527,0.0006687781002146762,2022-06-22-17-13-58,3182.173595428467,0.0,0.0
4.121314932689115,-0.04980221588257053,0.013551494676704018,4.151089661862569,0.0006720970974085683,2022-06-22-17-14-00,3184.2905695438385,0.0,0.0
4.121150642328378,-0.04996650329903811,0.008242159858734515,4.150658192146017,0.000673756596001872,2022-06-22-17-14-02,3186.3945076465607,0.0,0.0
4.1209863519678835,-0.0530879642136797,0.0025605838515176055,4.150226722430102,0.0006737565953652902,2022-06-22-17-14-05,3188.4952998161316,0.0,0.0
4.121479223050092,-0.05111651521456906,-0.0033756834888154447,4.1497919337138045,0.0006704375949833489,2022-06-22-17-14-07,3190.6137323379517,0.0,0.0
4.1206577712476165,-0.05243081454716027,-0.00905725949493542,4.14935880449994,0.0006687780925508358,2022-06-22-17-14-09,3192.7325212955475,0.0,0.0
4.120493480887844,-0.049309353633222835,-0.014268636105522921,4.148927334785935,0.000667118592691824,2022-06-22-17-14-11,3194.813409805298,0.0,0.0
4.120000609809975,-0.047830766885672935,-0.019342871224984137,4.1484842485792965,0.0006654590915328779,2022-06-22-17-14-13,3196.9192979335785,0.0,0.0
4.120329190528314,-0.05325225163033297,-0.024985263949923047,4.1480444813698165,0.0006687780886878159,2022-06-22-17-14-15,3199.0559034347534,0.0,0.0
4.120164900169024,-0.04799505430203098,-0.03009868235217333,4.147604714160982,0.0006687780880390688,2022-06-22-17-14-17,3201.173341035843,0.0,0.0
4.120000609809975,-0.05095222779803693,-0.035936991485940685,4.147163287453573,0.0006704375866153177,2022-06-22-17-14-19,3203.2895431518555,0.0,0.0
4.119672029092601,-0.05095222779803693,-0.04110918481646222,4.146716882249792,0.0006720970845330764,2022-06-22-17-14-21,3205.3908455371857,0.0,0.0
4.120164900169024,-0.0494736410496629,-0.04671239425267496,4.146270477044034,0.0006720970825574267,2022-06-22-17-14-24,3207.520349264145,0.0,0.0
4.119836319451167,-0.05111651521456906,-0.05227642040900933,4.145822412340362,0.0006737565804726645,2022-06-22-17-14-26,3209.6288480758667,0.0,0.0
4.119672029092601,-0.04832362913477431,-0.05715473911638885,4.14537434763735,0.0006737565798116892,2022-06-22-17-14-28,3211.7422976493835,0.0,0.0
4.119507738734275,-0.0530879642136797,-0.06264039871081689,4.144921304437302,0.0006720970799134541,2022-06-22-17-14-30,3213.8797192573547,0.0,0.0
4.119179158018347,-0.051609377464221035,-0.0679889168139051,4.144471580237048,0.0006687780801195138,2022-06-22-17-14-32,3215.996376514435,0.0,0.0
4.118686286946263,-0.05259510196377608,-0.07380763430918848,4.144016877541118,0.0006737565757971317,2022-06-22-17-14-34,3218.133036851883,0.0,0.0
4.118686286946263,-0.048816491383957536,-0.07880350286497634,4.143563834344412,0.0006720970765721449,2022-06-22-17-14-36,3220.2373719215393,0.0,0.0
4.118193415876347,-0.051609377464221035,-0.08381896306616884,4.1430975151559,0.0006687780760783378,2022-06-22-17-14-38,3222.360373020172,0.0,0.0
4.118357706232745,-0.051609377464221035,-0.08904993132155546,4.142634514965172,0.0006687780753929781,2022-06-22-17-14-41,3224.4959359169006,0.0,0.0
4.118521996589383,-0.05423797613045016,-0.09477069061326446,4.142171514773762,0.0006687780747100496,2022-06-22-17-14-43,3226.6165022850037,0.0,0.0
4.118193415876347,-0.051609377464221035,-0.10066777467192321,4.141706855084485,0.0006704375725765902,2022-06-22-17-14-45,3228.7265214920044,0.0,0.0
4.118029125520191,-0.04963792846611213,-0.10564405158762437,4.141240535896661,0.0006720970711236278,2022-06-22-17-14-47,3230.8480219841003,0.0,0.0
4.117700544808599,-0.04963792846611213,-0.11105134461144425,4.14077587620944,0.0006704375705207082,2022-06-22-17-14-49,3232.953998565674,0.0,0.0
4.117536254453165,-0.04848791655115961,-0.11581211347133202,4.1402996000282775,0.0006621400736588816,2022-06-22-17-14-51,3235.0748913288116,0.0,0.0
4.117207673743019,-0.05193795229736878,-0.121767972454332,4.139824983347755,0.0006604805730191879,2022-06-22-17-14-53,3237.2380242347717,0.0,0.0
4.117371964097972,-0.05062365296500042,-0.12727322368606167,4.139352026165767,0.0006621400715540603,2022-06-22-17-14-55,3239.3604180812836,0.0,0.0
4.117371964097972,-0.04963792846611213,-0.13242582537331174,4.138880728483012,0.0006604805723217078,2022-06-22-17-14-58,3241.463918209076,0.0,0.0
4.117207673743019,-0.04832362913477431,-0.13787230167761058,4.138402792804016,0.000657161573152103,2022-06-22-17-15-00,3243.5746355056763,0.0,0.0
4.116550512325619,-0.05062365296500042,-0.14331877798552578,4.137919878630144,0.0006621400680299567,2022-06-22-17-15-02,3245.667341709137,0.0,0.0
4.116550512325619,-0.051445090047661096,-0.14915708712012438,4.137441942953969,0.0006571615703328633,2022-06-22-17-15-04,3247.7825865745544,0.0,0.0
4.116550512325619,-0.05045936554849602,-0.15485825476424867,4.1369640072777925,0.0006571615703328633,2022-06-22-17-15-06,3249.8825345039368,0.0,0.0
4.116386221971871,-0.04832362913477431,-0.1597757567541954,4.136481093104632,0.0006555020703933054,2022-06-22-17-15-08,3252.0153954029083,0.0,0.0
4.116386221971871,-0.05111651521456906,-0.16520264142161842,4.135999838430704,0.0006538425711609529,2022-06-22-17-15-10,3254.1352508068085,0.0,0.0
4.117043383388308,-0.04815934171839811,-0.1697870855094209,4.135525221750882,0.0006604805652663773,2022-06-22-17-15-12,3256.2430226802826,0.0,0.0
4.1158933509120725,-0.052759389380401256,-0.17539029495098876,4.135037329082168,0.0006704375556929733,2022-06-22-17-15-14,3258.356322288513,0.0,0.0
4.1158933509120725,-0.04668075497141981,-0.17989637247165105,4.134546117414983,0.0006671185572208489,2022-06-22-17-15-17,3260.474175930023,0.0,0.0
4.115564770206744,-0.04848791655115961,-0.18506856579845354,4.134046608253046,0.0006654590565177357,2022-06-22-17-15-19,3262.5944089889526,0.0,0.0
4.116221931618364,-0.04799505430203098,-0.19049545046098026,4.133565353579828,0.0006604805559134817,2022-06-22-17-15-21,3264.7119681835175,0.0,0.0
4.116386221971871,-0.05177366488079026,-0.1960007016945584,4.1330807799074325,0.0006571615567366639,2022-06-22-17-15-23,3266.8730726242065,0.0,0.0
4.115400479854441,-0.05193795229736878,-0.20109452846142079,4.132584589744715,0.000665459048584526,2022-06-22-17-15-25,3268.996673822403,0.0,0.0
4.115564770206744,-0.05045936554849602,-0.20626672179119293,4.132093378078977,0.0006637995486205118,2022-06-22-17-15-27,3271.1024734973907,0.0,0.0
4.115400479854441,-0.05111651521456906,-0.21165442317606295,4.131597187916259,0.0006621400486564976,2022-06-22-17-15-29,3273.210986852646,0.0,0.0
4.115400479854441,-0.05456655096389802,-0.21733599918576788,4.131102657252779,0.0006604805494192018,2022-06-22-17-15-31,3275.3143405914307,0.0,0.0
4.115071899150557,-0.04996650329903811,-0.2229392086227753,4.130603148093051,0.0006621400471908328,2022-06-22-17-15-34,3277.4254207611084,0.0,0.0
4.115564770206744,-0.05045936554849602,-0.2281897685176724,4.13010529843036,0.0006637995442259127,2022-06-22-17-15-36,3279.547600746155,0.0,0.0
4.115071899150557,-0.045037880808964745,-0.232989720655358,4.1296008107729065,0.0006671185404982703,2022-06-22-17-15-38,3281.675992012024,0.0,0.0
4.115236189502379,-0.048816491383957536,-0.2379855892111459,4.129101301612443,0.0006654590405146266,2022-06-22-17-15-40,3283.7730717658997,0.0,0.0
4.114907608798976,-0.05095222779803693,-0.24390226490994293,4.128598473454977,0.0006687780375186908,2022-06-22-17-15-42,3285.8802003860474,0.0,0.0
4.114743318447636,-0.050130790715514864,-0.24913323316305722,4.128092326299768,0.0006687780367748638,2022-06-22-17-15-44,3287.9976711273193,0.0,0.0
4.115071899150557,-0.0494736410496629,-0.2547168509580084,4.127587838642315,0.0006704375345293861,2022-06-22-17-15-46,3290.1034524440765,0.0,0.0
4.113921866694547,-0.05045936554849602,-0.2604572018846551,4.127075053493894,0.0006787350254971441,2022-06-22-17-15-48,3292.2082421779633,0.0,0.0
4.114414737745678,-0.052759389380401256,-0.2661975528151396,4.126562268343204,0.0006787350232290864,2022-06-22-17-15-50,3294.3310055732727,0.0,0.0
4.113921866694547,-0.05095222779803693,-0.27199667866638766,4.126046164196297,0.0006820540194479201,2022-06-22-17-15-53,3296.4429767131805,0.0,0.0
4.113757576344651,-0.048816491383957536,-0.27707091378729737,4.125533379048631,0.0006787350202050811,2022-06-22-17-15-55,3298.5406827926636,0.0,0.0
4.1140861570446825,-0.04980221588257053,-0.28206678234452576,4.1250239128979365,0.0006820540171750984,2022-06-22-17-15-57,3300.650987625122,0.0,0.0
4.1140861570446825,-0.052759389380401256,-0.28751325865585625,4.124509468249514,0.0006770755194484619,2022-06-22-17-15-59,3302.774163246155,0.0,0.0
4.113757576344651,-0.051609377464221035,-0.29282259347638034,4.1239983426010856,0.0006737565194545468,2022-06-22-17-16-01,3304.9105570316315,0.0,0.0
4.11342899564558,-0.05243081454716027,-0.29864131097138463,4.12348223845646,0.0006754160171775612,2022-06-22-17-16-03,3307.030139684677,0.0,0.0
4.114414737745678,-0.05177366488079026,-0.30420533712878656,4.122969453305771,0.0006787350111138662,2022-06-22-17-16-05,3309.1395950317383,0.0,0.0
4.114414737745678,-0.05292367679703579,-0.30996527970081933,4.1224633061520555,0.0006720970141400921,2022-06-22-17-16-07,3311.2546401023865,0.0,0.0
4.113100414947474,-0.051609377464221035,-0.31539216436902623,4.1219405640119975,0.000682054003518781,2022-06-22-17-16-09,3313.3633754253387,0.0,0.0
4.113264705296406,-0.049309353633222835,-0.32064272426216367,4.121416162371922,0.0006803945035010276,2022-06-22-17-16-12,3315.478423833847,0.0,0.0
4.113264705296406,-0.04799505430203098,-0.32557981789292156,4.120895079730338,0.0006770755050092107,2022-06-22-17-16-14,3317.6173968315125,0.0,0.0
4.1129361245987806,-0.048652203967554014,-0.3255014513268324,4.120606326959602,0.00044474563416023,2022-06-22-17-16-16,3319.7029786109924,0.0,0.0
4.113100414947474,-0.049309353633222835,-0.3255210429683563,4.120354083163591,0.00041155565637974073,2022-06-22-17-16-18,3321.814683198929,0.0,0.0
4.113100414947474,-0.04700932980401844,-0.3251683934210134,4.120118434355894,0.00039496066806738177,2022-06-22-17-16-20,3323.923115968704,0.0,0.0
4.113593285994995,-0.05095222779803693,-0.3250704352133223,4.119891083041258,0.00039662016586375614,2022-06-22-17-16-22,3326.0469331741333,0.0,0.0
4.11342899564558,-0.05078794038151406,-0.32540349311924793,4.119672029220983,0.00038832267150196333,2022-06-22-17-16-24,3328.15975356102,0.0,0.0
4.113100414947474,-0.05210223971395661,-0.3252663516284183,4.119457953897725,0.00038334417448580664,2022-06-22-17-16-26,3330.2702646255493,0.0,0.0
4.112607543902118,-0.05193795229736878,-0.3254818596853144,4.1192538355680455,0.0003733871809072718,2022-06-22-17-16-28,3332.3931007385254,0.0,0.0
4.112443253554146,-0.05226652713055378,-0.32495288536320854,4.119059674231199,0.00036343018807472597,2022-06-22-17-16-31,3334.5082862377167,0.0,0.0
4.112607543902118,-0.048652203967554014,-0.32475696894795286,4.118868831891563,0.0003634301877921507,2022-06-22-17-16-33,3336.633841753006,0.0,0.0
4.112771834250329,-0.05193795229736878,-0.3248941104387203,4.118692925040282,0.00035181369637136116,2022-06-22-17-16-35,3338.7549800872803,0.0,0.0
4.112443253554146,-0.04980221588257053,-0.3248157438726005,4.118510380194612,0.0003518136958452545,2022-06-22-17-16-37,3340.8776774406433,0.0,0.0
4.1129361245987806,-0.05095222779803693,-0.3246198274571907,4.118341111337967,0.00034849469762079726,2022-06-22-17-16-39,3342.9873797893524,0.0,0.0
4.112771834250329,-0.05210223971395661,-0.3248745187971588,4.118171842481571,0.00034849469737236745,2022-06-22-17-16-41,3345.099273443222,0.0,0.0
4.112771834250329,-0.04717361722033127,-0.3246981940235215,4.118007552121313,0.0003435162012340989,2022-06-22-17-16-43,3347.25373005867,0.0,0.0
4.112278963206417,-0.051445090047661096,-0.32475696894813294,4.117848240257873,0.0003385377044164905,2022-06-22-17-16-45,3349.359295606613,0.0,0.0
4.112114672858927,-0.04700932980401844,-0.3247177856651121,4.117683949898578,0.00033687820548218913,2022-06-22-17-16-48,3351.480981349945,0.0,0.0
4.112114672858927,-0.04996650329903811,-0.32489411043882754,4.117529616531436,0.0003269212133300867,2022-06-22-17-16-50,3353.6072704792023,0.0,0.0
4.111786092164669,-0.049309353633222835,-0.3249332937218743,4.117376942663426,0.00032526171419865456,2022-06-22-17-16-52,3355.7448370456696,0.0,0.0
4.111786092164669,-0.05111651521456906,-0.325227168344799,4.117229247291437,0.000320283218177491,2022-06-22-17-16-54,3357.8944804668427,0.0,0.0
4.1119503825116785,-0.05111651521456906,-0.32550145132620306,4.117081551919231,0.0003202832179608472,2022-06-22-17-16-56,3360.003735303879,0.0,0.0
4.112114672858927,-0.04733790463665313,-0.3252075767034092,4.1169454730374735,0.0003119857244267739,2022-06-22-17-16-58,3362.126276731491,0.0,0.0
4.1119503825116785,-0.04996650329903811,-0.3252859432695159,4.1168060751586,0.00031198572422473577,2022-06-22-17-17-00,3364.228278398514,0.0,0.0
4.112278963206417,-0.0494736410496629,-0.3252663516279898,4.116679953268561,0.00030534772922330086,2022-06-22-17-17-02,3366.3512732982635,0.0,0.0
4.1119503825116785,-0.048652203967554014,-0.32503125192966964,4.116550512381606,0.0003086667261398481,2022-06-22-17-17-05,3368.4755487442017,0.0,0.0
4.111293221125087,-0.05045936554849602,-0.32528594326949506,4.11641609299949,0.00031364522129934407,2022-06-22-17-17-07,3370.625663757324,0.0,0.0
4.11112893077904,-0.052759389380401256,-0.3255406346095207,4.116284992614848,0.00031032622382549626,2022-06-22-17-17-09,3372.737550020218,0.0,0.0
4.111786092164669,-0.05045936554849602,-0.32540349311876865,4.116162189722636,0.0003153047189850101,2022-06-22-17-17-11,3374.8626296520233,0.0,0.0
4.111786092164669,-0.05210223971395661,-0.3255798178926126,4.116041046329055,0.00031364522035273425,2022-06-22-17-17-13,3376.971423149109,0.0,0.0
4.111457511471374,-0.04848791655115961,-0.3250508435711991,4.115921562434456,0.0003119857213724898,2022-06-22-17-17-15,3379.0914096832275,0.0,0.0
4.111786092164669,-0.05029507813200085,-0.32524675998645486,4.1158087165340005,0.00031198572103183306,2022-06-22-17-17-17,3381.205023288727,0.0,0.0
4.110964640433235,-0.045202168225170064,-0.32428676955177643,4.115690892138542,0.00031696421603567344,2022-06-22-17-17-19,3383.3330206871033,0.0,0.0
4.110800350087669,-0.0494736410496629,-0.32442391104242874,4.1155747272418655,0.00031530471725259567,2022-06-22-17-17-22,3385.451495885849,0.0,0.0
4.111621801817901,-0.04815934171839811,-0.3246002358160368,4.11547183833323,0.00031862371366074603,2022-06-22-17-17-24,3387.570284128189,0.0,0.0
4.111293221125087,-0.04799505430203098,-0.32448268596692253,4.115362311430489,0.0003186237133493543,2022-06-22-17-17-26,3389.6928086280823,0.0,0.0
4.111786092164669,-0.05062365296500042,-0.3245218692499869,4.115262741518906,0.00031862371288955596,2022-06-22-17-17-28,3391.815924167633,0.0,0.0
4.111293221125087,-0.04996650329903811,-0.3245414608915152,4.115161512109169,0.0003202832110449787,2022-06-22-17-17-30,3393.9046165943146,0.0,0.0
4.11112893077904,-0.0494736410496629,-0.3244826859669336,4.115060282699581,0.0003202832108965901,2022-06-22-17-17-32,3395.992613554001,0.0,0.0
4.110964640433235,-0.04766647946932395,-0.3238361617963891,4.114959053290138,0.0003202832107482105,2022-06-22-17-17-34,3398.1214587688446,0.0,0.0
4.11112893077904,-0.049309353633222835,-0.3236206537395535,4.11485450488336,0.0003169642134108012,2022-06-22-17-17-36,3400.235748529434,0.0,0.0
4.110636059742345,-0.05226652713055378,-0.32360106209800865,4.114753275474215,0.0003136452157766596,2022-06-22-17-17-38,3402.3491756916046,0.0,0.0
4.111621801817901,-0.04799505430203098,-0.3234443289658477,4.114663662554317,0.0003219427078552866,2022-06-22-17-17-41,3404.4650881290436,0.0,0.0
4.110143188707814,-0.04815934171839811,-0.3234835122488792,4.114564092644195,0.00033189969807971884,2022-06-22-17-17-43,3406.5655035972595,0.0,0.0
4.11112893077904,-0.04914506621679193,-0.32299372121045083,4.114471160727535,0.0003385376915432325,2022-06-22-17-17-45,3408.6875643730164,0.0,0.0
4.110964640433235,-0.049309353633222835,-0.3231504543426118,4.114378228811011,0.0003385376914070182,2022-06-22-17-17-47,3410.816020488739,0.0,0.0
4.110471769397261,-0.05029507813200085,-0.32307208777647883,4.114281977897752,0.00034185668814364203,2022-06-22-17-17-49,3412.9183497428894,0.0,0.0
4.110636059742345,-0.04914506621679193,-0.32285657971965537,4.114190705480072,0.0003401971894336371,2022-06-22-17-17-51,3415.0572793483734,0.0,0.0
4.110964640433235,-0.05325225163033297,-0.32330718747503484,4.114097773563549,0.0003385376905898761,2022-06-22-17-17-53,3417.1793689727783,0.0,0.0
4.110471769397261,-0.04848791655115961,-0.32299372121059056,4.114003182148863,0.0003401971887526824,2022-06-22-17-17-55,3419.304117202759,0.0,0.0
4.110143188707814,-0.04980221588257053,-0.3231700459842962,4.113906931235885,0.00034185668704440913,2022-06-22-17-17-58,3421.4392762184143,0.0,0.0
4.110143188707814,-0.046516467555134,-0.3223863803231828,4.113812339821476,0.0003401971884754631,2022-06-22-17-18-00,3423.555195569992,0.0,0.0
4.110307479052417,-0.05095222779803693,-0.32230801375703216,4.113722726902629,0.0003385376897752102,2022-06-22-17-18-02,3425.701007604599,0.0,0.0
4.11112893077904,-0.05128080263111044,-0.32215128062469545,4.113646389971647,0.0003418566862857074,2022-06-22-17-18-04,3427.8340616226196,0.0,0.0
4.109978898363451,-0.05029507813200085,-0.32232760539843053,4.113558436551619,0.000353473175332064,2022-06-22-17-18-06,3429.947416305542,0.0,0.0
4.109978898363451,-0.049309353633222835,-0.3220533224169803,4.113475461627247,0.00034849467967635445,2022-06-22-17-18-08,3432.062420606613,0.0,0.0
4.110143188707814,-0.051445090047661096,-0.32203373077544095,4.113392486702752,0.00034849467955479067,2022-06-22-17-18-10,3434.182619333267,0.0,0.0
4.110471769397261,-0.05029507813200085,-0.3215635313783768,4.113311171276569,0.0003501541778659945,2022-06-22-17-18-12,3436.3274722099304,0.0,0.0
4.110143188707814,-0.04980221588257053,-0.3213480233215049,4.113229855850624,0.0003501541776277294,2022-06-22-17-18-15,3438.4358236789703,0.0,0.0
4.110143188707814,-0.05292367679703579,-0.32173985615225853,4.1131501999232265,0.00034849467908069177,2022-06-22-17-18-17,3440.5349831581116,0.0,0.0
4.109814608019328,-0.052759389380401256,-0.32211209734146384,4.113070543996063,0.0003484946788472982,2022-06-22-17-18-19,3442.6500794887543,0.0,0.0
4.110471769397261,-0.04536645564138428,-0.32173985615279677,4.112999185561154,0.00035347317402404635,2022-06-22-17-18-21,3444.7539949417114,0.0,0.0
4.109650317675445,-0.04832362913477431,-0.32130884003913734,4.112922848631179,0.0003584516690914229,2022-06-22-17-18-23,3446.8442754745483,0.0,0.0
4.109814608019328,-0.051445090047661096,-0.32140679824681734,4.1128465117010915,0.00035845166897961116,2022-06-22-17-18-25,3448.9552085399628,0.0,0.0
4.109486027331804,-0.05078794038151406,-0.32154393973753087,4.1127668557741615,0.0003617706658232919,2022-06-22-17-18-27,3451.057354450226,0.0,0.0
4.109978898363451,-0.04848791655115961,-0.32156353137904936,4.112693837841035,0.00036508966255758315,2022-06-22-17-18-29,3453.17547249794,0.0,0.0
4.109814608019328,-0.04963792846611213,-0.32144598152986964,4.112625798403597,0.00036011116686791644,2022-06-22-17-18-31,3455.2774047851562,0.0,0.0
4.109650317675445,-0.05029507813200085,-0.32130884003912535,4.112556099467737,0.00036177066529097696,2022-06-22-17-18-33,3457.394070148468,0.0,0.0
4.109814608019328,-0.05193795229736878,-0.3214851648129594,4.1124880600303,0.0003634301637140374,2022-06-22-17-18-36,3459.506754875183,0.0,0.0
4.108993156302321,-0.04914506621679193,-0.32158312302056274,4.112413382599295,0.00037006815728231123,2022-06-22-17-18-38,3461.6234164237976,0.0,0.0
4.109486027331804,-0.0494736410496629,-0.3213872066052522,4.112343683663536,0.00037504665252961126,2022-06-22-17-18-40,3463.709117412567,0.0,0.0
4.109650317675445,-0.04848791655115961,-0.3214263898882881,4.112269006232093,0.00037006815684480714,2022-06-22-17-18-42,3465.810029029846,0.0,0.0
4.109978898363451,-0.05128080263111044,-0.3212500651144043,4.1122092642871575,0.0003617706640344019,2022-06-22-17-18-44,3467.9179940223694,0.0,0.0
4.109321736988403,-0.051445090047661096,-0.3218182227185679,4.112142884348534,0.00036840865772175437,2022-06-22-17-18-46,3470.03098654747,0.0,0.0
4.109157446645242,-0.05210223971395661,-0.3222492388322515,4.112078163908519,0.0003667491591139976,2022-06-22-17-18-48,3472.1234204769135,0.0,0.0
4.109321736988403,-0.05259510196377608,-0.3227978047951219,4.112008464972864,0.00036177066347299234,2022-06-22-17-18-50,3474.237706184387,0.0,0.0
4.109814608019328,-0.043395006647399245,-0.32179863107794815,4.111942085033949,0.0003650896602145864,2022-06-22-17-18-52,3476.3250472545624,0.0,0.0
4.109321736988403,-0.04963792846611213,-0.3215243480964671,4.111880683590858,0.0003601111643912982,2022-06-22-17-18-55,3478.4283685684204,0.0,0.0
4.109486027331804,-0.0535808264636677,-0.3218965892857778,4.111819282147677,0.0003601111643013769,2022-06-22-17-18-57,3480.545821905136,0.0,0.0
4.109650317675445,-0.05078794038151406,-0.3218574060027069,4.111761199701425,0.00036011116421388683,2022-06-22-17-18-59,3482.662657737732,0.0,0.0
4.109157446645242,-0.05111651521456906,-0.3214459815301939,4.111698138759918,0.0003650896594684627,2022-06-22-17-19-01,3484.7964956760406,0.0,0.0
4.109157446645242,-0.047830766885672935,-0.321191290190411,4.111638396815421,0.00036177066245953593,2022-06-22-17-19-03,3486.8764395713806,0.0,0.0
4.109157446645242,-0.051609377464221035,-0.32132843168116304,4.1115736763754045,0.0003567921669424988,2022-06-22-17-19-05,3488.9674680233,0.0,0.0
4.109321736988403,-0.04996650329903811,-0.3219161809265407,4.111515593929323,0.0003534731698412284,2022-06-22-17-19-07,3491.0692825317383,0.0,0.0
4.108993156302321,-0.05226652713055378,-0.32232760539872773,4.111452532987909,0.00035513266816709167,2022-06-22-17-19-09,3493.18301153183,0.0,0.0
4.110143188707814,-0.05390940129704007,-0.3226802549465457,4.111404407532443,0.00036343016010739607,2022-06-22-17-19-11,3495.296237230301,0.0,0.0
4.109486027331804,-0.05473083838063615,-0.32322882090981875,4.111351303581778,0.0003684086553060795,2022-06-22-17-19-14,3497.412497997284,0.0,0.0
4.109157446645242,-0.04799505430203098,-0.32305249613613274,4.11129156163728,0.0003684086551408335,2022-06-22-17-19-16,3499.4950337409973,0.0,0.0
4.109321736988403,-0.04980221588257053,-0.3229741295700129,4.111245095680653,0.0003584516641019506,2022-06-22-17-19-18,3501.6141896247864,0.0,0.0
4.108993156302321,-0.05111651521456906,-0.322778213154592,4.11119033223173,0.0003567921654650903,2022-06-22-17-19-20,3503.7344698905945,0.0,0.0
4.108664575617202,-0.05325225163033297,-0.32305249613619696,4.111137228281454,0.0003551326668185049,2022-06-22-17-19-22,3505.8516347408295,0.0,0.0
4.109157446645242,-0.05210223971395661,-0.3234443289668403,4.111090762324894,0.0003584516635674376,2022-06-22-17-19-24,3507.9784302711487,0.0,0.0
4.109157446645242,-0.05423797613045016,-0.32397330328849266,4.111040977371364,0.00035513266659742025,2022-06-22-17-19-26,3510.094102859497,0.0,0.0
4.108993156302321,-0.04996650329903811,-0.3236402453823428,4.1109895329194215,0.0003567921650107646,2022-06-22-17-19-28,3512.2079286575317,0.0,0.0
4.108664575617202,-0.05045936554849602,-0.3235031038915907,4.11093808846763,0.0003567921648601331,2022-06-22-17-19-30,3514.3280255794525,0.0,0.0
4.109157446645242,-0.052759389380401256,-0.3235422871746838,4.110894941508031,0.0003584516631325532,2022-06-22-17-19-33,3516.442009449005,0.0,0.0
4.108500285275003,-0.05325225163033297,-0.32371861194859775,4.110835199563882,0.0003551326658612549,2022-06-22-17-19-35,3518.5764594078064,0.0,0.0
4.108664575617202,-0.04848791655115961,-0.3231896376271843,4.11077711711814,0.0003567921642673054,2022-06-22-17-19-37,3520.6814658641815,0.0,0.0
4.108335994933044,-0.05062365296500042,-0.32307208777796487,4.110728991663448,0.0003468351732163379,2022-06-22-17-19-39,3522.7961349487305,0.0,0.0
4.108171704591325,-0.048816491383957536,-0.32301331285339635,4.110677547211882,0.0003468351731434714,2022-06-22-17-19-41,3524.90829539299,0.0,0.0
4.108171704591325,-0.05473083838063615,-0.3238165701564665,4.110626102760316,0.0003468351731434714,2022-06-22-17-19-43,3527.0228004455566,0.0,0.0
4.108664575617202,-0.05111651521456906,-0.3241104447793911,4.110582955800905,0.00034849467140863347,2022-06-22-17-19-45,3529.116864681244,0.0,0.0
4.108335994933044,-0.05128080263111044,-0.3243455444777638,4.1105348303462135,0.00035015416974666213,2022-06-22-17-19-47,3531.225218296051,0.0,0.0
4.108500285275003,-0.05128080263111044,-0.3248549271573728,4.1104883643899255,0.00035181366815029033,2022-06-22-17-19-49,3533.337396621704,0.0,0.0
4.108664575617202,-0.04963792846611213,-0.32469819402512434,4.110438579436614,0.0003484946711268387,2022-06-22-17-19-52,3535.4558250904083,0.0,0.0
4.108335994933044,-0.04914506621679193,-0.32450227760983585,4.110387134984972,0.0003501541694575825,2022-06-22-17-19-54,3537.552979707718,0.0,0.0
4.108335994933044,-0.05243081454716027,-0.32454146089292446,4.11033900953028,0.0003468351725070153,2022-06-22-17-19-56,3539.6711308956146,0.0,0.0
4.108500285275003,-0.04914506621679193,-0.3242084029868683,4.1102975220694,0.0003435161755030049,2022-06-22-17-19-58,3541.8026773929596,0.0,0.0
4.108500285275003,-0.05111651521456906,-0.32407126149608534,4.110257694106985,0.0003418566770386486,2022-06-22-17-20-00,3543.9178545475006,0.0,0.0
4.108007414249847,-0.04799505430203098,-0.32399289493001354,4.110211228150902,0.0003451756737778921,2022-06-22-17-20-02,3546.0364923477173,0.0,0.0
4.108500285275003,-0.0494736410496629,-0.3236990203070065,4.110168081191555,0.00034849467051471333,2022-06-22-17-20-04,3548.158590078354,0.0,0.0
4.1078431239086095,-0.05193795229736878,-0.32395371164696024,4.110121615235538,0.0003518136671835126,2022-06-22-17-20-06,3550.2871775627136,0.0,0.0
4.108171704591325,-0.0530879642136797,-0.32420840298701475,4.110073489780917,0.00035015416857827686,2022-06-22-17-20-09,3552.4249556064606,0.0,0.0
4.108335994933044,-0.046516467555134,-0.32354228717518063,4.110028683323167,0.00035015416851026394,2022-06-22-17-20-11,3554.542509317398,0.0,0.0
4.108500285275003,-0.05177366488079026,-0.3240908531378976,4.10998553636382,0.00035181366691389214,2022-06-22-17-20-13,3556.6569600105286,0.0,0.0
4.107678833567611,-0.05374511388034918,-0.3243651361195493,4.109939070407872,0.0003551326635146965,2022-06-22-17-20-15,3558.769922733307,0.0,0.0
4.1078431239086095,-0.05078794038151406,-0.3248157438745502,4.109895923448778,0.0003551326634491238,2022-06-22-17-20-17,3560.8592274188995,0.0,0.0
4.108007414249847,-0.04963792846611213,-0.3247765605914947,4.10985443598808,0.0003567921618454582,2022-06-22-17-20-19,3562.959350347519,0.0,0.0
4.107678833567611,-0.04898077880037016,-0.3247373773084479,4.1098129485275035,0.00035679216172401995,2022-06-22-17-20-21,3565.073095560074,0.0,0.0
4.108007414249847,-0.04585931789008048,-0.3241104447798372,4.1097747800637165,0.0003601111585142754,2022-06-22-17-20-23,3567.18301820755,0.0,0.0
4.1078431239086095,-0.05128080263111044,-0.3241300364213743,4.109733292603081,0.0003601111584559697,2022-06-22-17-20-25,3569.313469171524,0.0,0.0
4.1078431239086095,-0.04766647946932395,-0.3241692197043993,4.109690145643985,0.00035845165999891617,2022-06-22-17-20-28,3571.458331823349,0.0,0.0
4.1078431239086095,-0.051609377464221035,-0.3243651361197429,4.109648658183349,0.00035679216154186266,2022-06-22-17-20-30,3573.580310821533,0.0,0.0
4.107678833567611,-0.04996650329903811,-0.32442391104432455,4.1096021922274,0.00035513266301923644,2022-06-22-17-20-32,3575.679353952408,0.0,0.0
4.107514543226854,-0.04848791655115961,-0.32440431940280495,4.109557385769977,0.000353473164494179,2022-06-22-17-20-34,3577.7904245853424,0.0,0.0
4.107678833567611,-0.04848791655115961,-0.324169219704498,4.10952087680475,0.00034849466908171367,2022-06-22-17-20-36,3579.8974056243896,0.0,0.0
4.1078431239086095,-0.05341653904699564,-0.3242475862706976,4.109487686836362,0.0003484946690307197,2022-06-22-17-20-38,3582.0179817676544,0.0,0.0
4.108171704591325,-0.05193795229736878,-0.32442391104453155,4.109451177870974,0.00034517567203159875,2022-06-22-17-20-40,3584.1656365394592,0.0,0.0
4.107678833567611,-0.047830766885672935,-0.3239145283647806,4.109409690410398,0.0003501541672206289,2022-06-22-17-20-42,3586.2793543338776,0.0,0.0
4.107514543226854,-0.05029507813200085,-0.3241300364215559,4.1093698624483315,0.0003484946687101501,2022-06-22-17-20-45,3588.405424594879,0.0,0.0
4.107678833567611,-0.05029507813200085,-0.3241300364215559,4.109328374987755,0.0003468351701996713,2022-06-22-17-20-47,3590.5192725658417,0.0,0.0
4.107514543226854,-0.05341653904699564,-0.3251096184977859,4.109293525521024,0.0003401971763544563,2022-06-22-17-20-49,3592.6213908195496,0.0,0.0
4.107514543226854,-0.04766647946932395,-0.32489411044107047,4.109260335552733,0.0003385376779143948,2022-06-22-17-20-51,3594.7325716018677,0.0,0.0
4.1078431239086095,-0.04898077880037016,-0.3249920686486684,4.109222167089002,0.0003335591824752393,2022-06-22-17-20-53,3596.8636038303375,0.0,0.0
4.10718596254606,-0.04766647946932395,-0.32495288536563904,4.109180679628609,0.00033687817913922985,2022-06-22-17-20-55,3598.9947896003723,0.0,0.0
4.107021672206024,-0.05029507813200085,-0.32491370208257475,4.109132554174481,0.0003335591821741199,2022-06-22-17-20-57,3601.1108705997467,0.0,0.0
4.1078431239086095,-0.04750219205298402,-0.32461982745976464,4.109097704707648,0.0003368781787701155,2022-06-22-17-20-59,3603.2104783058167,0.0,0.0
4.10718596254606,-0.04898077880037016,-0.3245610525351928,4.109057876745699,0.000341856673886306,2022-06-22-17-21-01,3605.331484079361,0.0,0.0
4.107350252886337,-0.05062365296500042,-0.3249137020826141,4.109021367780579,0.00034185667383046736,2022-06-22-17-21-04,3607.4445304870605,0.0,0.0
4.107350252886337,-0.05078794038151406,-0.32509002685637867,4.108983199317016,0.0003401971753879926,2022-06-22-17-21-06,3609.561978340149,0.0,0.0
4.107678833567611,-0.05128080263111044,-0.32497247700713283,4.108953328345554,0.0003385376768483833,2022-06-22-17-21-08,3611.705498456955,0.0,0.0
4.107678833567611,-0.051445090047661096,-0.3253839014792047,4.108913500383431,0.00032858068618619573,2022-06-22-17-21-10,3613.7941563129425,0.0,0.0
4.107021672206024,-0.048816491383957536,-0.32546226804528083,4.108881969913716,0.00032028319377710356,2022-06-22-17-21-12,3615.9208087921143,0.0,0.0
4.10718596254606,-0.05062365296500042,-0.3256385928190356,4.108842141951767,0.00031198570154285693,2022-06-22-17-21-14,3618.0124492645264,0.0,0.0
4.106857381866227,-0.04914506621679193,-0.3256190011775117,4.1088006544914935,0.0003136451998663697,2022-06-22-17-21-16,3620.124498605728,0.0,0.0
4.106857381866227,-0.04898077880037016,-0.3254622680452984,4.108764145526534,0.000308666704553497,2022-06-22-17-21-18,3622.239305496216,0.0,0.0
4.1066930915266715,-0.05029507813200085,-0.3255994095359888,4.108724317564759,0.0003086667044976584,2022-06-22-17-21-20,3624.3450417518616,0.0,0.0
4.106528801187356,-0.051445090047661096,-0.3253839014789952,4.108679511107731,0.00030700720599689574,2022-06-22-17-21-23,3626.4464902877808,0.0,0.0
4.1078431239086095,-0.04700932980401844,-0.32520757670536776,4.108652959133098,0.0003153046977673876,2022-06-22-17-21-25,3628.5596194267273,0.0,0.0
4.107514543226854,-0.04799505430203098,-0.32499206864862834,4.1086264071585425,0.00031530469768969446,2022-06-22-17-21-27,3630.6783940792084,0.0,0.0
4.106857381866227,-0.0530879642136797,-0.3257757343097418,4.108593217190445,0.0003219426912313767,2022-06-22-17-21-29,3632.8208470344543,0.0,0.0
4.1066930915266715,-0.0461878927225893,-0.32520757670567285,4.10855670822554,0.0003219426911803917,2022-06-22-17-21-31,3634.9355874061584,0.0,0.0
4.10718596254606,-0.0530879642136797,-0.32542308476265425,4.10851688026359,0.0003186236941376154,2022-06-22-17-21-33,3637.063868522644,0.0,0.0
4.10718596254606,-0.05029507813200085,-0.32542308476265425,4.108488668790686,0.0003070072050912588,2022-06-22-17-21-35,3639.1826515197754,0.0,0.0
4.106857381866227,-0.05226652713055378,-0.3257757343102728,4.108457138321018,0.00031032620185724634,2022-06-22-17-21-37,3641.2955389022827,0.0,0.0
4.1066930915266715,-0.05062365296500042,-0.32567777610259285,4.108422288854541,0.00031032620180869257,2022-06-22-17-21-39,3643.382316827774,0.0,0.0
4.10718596254606,-0.04963792846611213,-0.32559940953647737,4.108389098886348,0.0003119857000909275,2022-06-22-17-21-42,3645.509985923767,0.0,0.0
4.107350252886337,-0.04963792846611213,-0.3255798178949501,4.108360887413403,0.00031032620161445965,2022-06-22-17-21-44,3647.6446599960327,0.0,0.0
4.107350252886337,-0.04766647946932395,-0.32495288536595507,4.10833267594046,0.00031032620161445965,2022-06-22-17-21-46,3649.737964630127,0.0,0.0
4.107021672206024,-0.04963792846611213,-0.3245806441767497,4.108304464467599,0.0003103262015319129,2022-06-22-17-21-48,3651.8550844192505,0.0,0.0
4.1066930915266715,-0.04832362913477431,-0.3249332937238983,4.10826629600426,0.0003070072045765549,2022-06-22-17-21-50,3653.965364933014,0.0,0.0
4.106857381866227,-0.05029507813200085,-0.3251683934221921,4.108238084531439,0.00030036921081635383,2022-06-22-17-21-52,3656.092143535614,0.0,0.0
4.106200220509445,-0.047830766885672935,-0.324737377308605,4.108201575566692,0.00030534770589614696,2022-06-22-17-21-54,3658.207485437393,0.0,0.0
4.106857381866227,-0.05390940129704007,-0.3251096184979579,4.108175023592294,0.00030866670255531983,2022-06-22-17-21-56,3660.302966117859,0.0,0.0
4.106857381866227,-0.050130790715514864,-0.3253055349132027,4.108143493122625,0.0003036882072861563,2022-06-22-17-21-59,3662.4092721939087,0.0,0.0
4.106857381866227,-0.050130790715514864,-0.3253643098377875,4.1081136221513805,0.0003020287088606735,2022-06-22-17-22-01,3664.5424542427063,0.0,0.0
4.106528801187356,-0.04799505430203098,-0.32509002685646,4.108082091681804,0.00030368820719388443,2022-06-22-17-22-03,3666.6579055786133,0.0,0.0
4.106857381866227,-0.048816491383957536,-0.3247177856673593,4.108052220710562,0.0003053477055270954,2022-06-22-17-22-05,3668.774607896805,0.0,0.0
4.106528801187356,-0.04980221588257053,-0.3247961522334616,4.108027328234653,0.00030036921019238605,2022-06-22-17-22-07,3670.8888370990753,0.0,0.0
4.1066930915266715,-0.05111651521456906,-0.3249920686487721,4.1079991167618735,0.00029705021332200615,2022-06-22-17-22-09,3673.002998113632,0.0,0.0
4.106528801187356,-0.051609377464221035,-0.32536430983783104,4.107967586292298,0.00029705021327830597,2022-06-22-17-22-11,3675.1177549362183,0.0,0.0
4.107021672206024,-0.048816491383957536,-0.3250704352148899,4.10793771532101,0.0002987097115678167,2022-06-22-17-22-13,3677.249895095825,0.0,0.0
4.106528801187356,-0.05325225163033297,-0.32528594327188354,4.107909503848273,0.0002970502130185182,2022-06-22-17-22-15,3679.3798043727875,0.0,0.0
4.106528801187356,-0.05029507813200085,-0.32507043521497536,4.107882951873951,0.00029539071460275157,2022-06-22-17-22-18,3681.465961456299,0.0,0.0
4.10636451084828,-0.051609377464221035,-0.32495288536571615,4.107853080902839,0.00029539071456149166,2022-06-22-17-22-20,3683.581428527832,0.0,0.0
4.107021672206024,-0.04996650329903811,-0.32573655102600585,4.107824869429977,0.00029705021281218274,2022-06-22-17-22-22,3685.6901082992554,0.0,0.0
4.106857381866227,-0.050130790715514864,-0.32579532595059074,4.107799976953995,0.00029373121593209565,2022-06-22-17-22-24,3687.7771821022034,0.0,0.0
4.106528801187356,-0.04799505430203098,-0.32512921013842105,4.107770105982839,0.00029539071427017814,2022-06-22-17-22-26,3689.8607728481293,0.0,0.0
4.106200220509445,-0.04980221588257053,-0.3250116602892347,4.1077352565165155,0.00029705021259614006,2022-06-22-17-22-28,3691.9769275188446,0.0,0.0
4.10636451084828,-0.04980221588257053,-0.3248549271569775,4.107707045043819,0.00029373121571363964,2022-06-22-17-22-30,3694.077164173126,0.0,0.0
4.106528801187356,-0.05489512579738377,-0.3256973677431245,4.1076804930694975,0.0002953907140881464,2022-06-22-17-22-32,3696.1683416366577,0.0,0.0
4.10636451084828,-0.05407368871374041,-0.3259912423663479,4.107652281596801,0.00029705021246265314,2022-06-22-17-22-34,3698.2597212791443,0.0,0.0
4.105707349494381,-0.04963792846611213,-0.32595205908329233,4.107615772632214,0.0003020287075206186,2022-06-22-17-22-36,3700.3428027629852,0.0,0.0
4.10636451084828,-0.05111651521456906,-0.32581491759250936,4.107589220657931,0.0003053477041652397,2022-06-22-17-22-39,3702.429914712906,0.0,0.0
4.10603593017085,-0.05128080263111044,-0.3255014513277645,4.107547733197961,0.00029705021196259075,2022-06-22-17-22-41,3704.523721218109,0.0,0.0
4.10636451084828,-0.04717361722033127,-0.32460023581712905,4.107516202728431,0.00029373121500724176,2022-06-22-17-22-43,3706.6349861621857,0.0,0.0
4.105871639832495,-0.05029507813200085,-0.32487451879845647,4.107483012760626,0.00029539071328222764,2022-06-22-17-22-45,3708.733326435089,0.0,0.0
