Vbattery, sensor current, sma current, sma Vbattery, error, timestamp, time, supply voltage, supply current, temperature
4.16567333894177,-0.04750219205298402,-0.29472298249358114,4.167045744838264,0.0003696534607731117,2022-06-22-14-37-04,9741.682894229889,0.0,0.0
4.165509048515571,-0.04733790463665313,-0.2948405323426306,4.167015873851305,0.000369653460590591,2022-06-22-14-37-06,9743.804363965988,0.0,0.0
4.166166210221825,-0.04323071923129125,-0.2941940081730512,4.16699927885855,0.00041072606677450274,2022-06-22-14-37-08,9745.926464796066,0.0,0.0
4.165344758089617,-0.045202168225170064,-0.2937042171352773,4.166964429373741,0.00041072606616521234,2022-06-22-14-37-10,9748.045684576035,0.0,0.0
4.166001919794897,-0.04684504238771463,-0.2939001335503062,4.1669461748817245,0.0005750164924851475,2022-06-22-14-37-13,9750.169571876526,0.0,0.0
4.165837629368211,-0.04405215631191933,-0.29372380877685195,4.166922941891868,0.00057501649260705,2022-06-22-14-37-15,9752.29421710968,0.0,0.0
4.165180467663908,-0.0461878927225893,-0.2936846254938419,4.166896389903579,0.000575016492119218,2022-06-22-14-37-17,9754.401403903961,0.0,0.0
4.16567333894177,-0.04717361722033127,-0.2934495257956394,4.166871497414466,0.0004928712785325917,2022-06-22-14-37-19,9756.519174575806,0.0,0.0
4.165016177238441,-0.04635218013885717,-0.29354748400315117,4.166841626427641,0.0004928712780447597,2022-06-22-14-37-21,9758.62108874321,0.0,0.0
4.16567333894177,-0.04996650329903811,-0.293802175342934,4.166815074439233,0.0006160890972053412,2022-06-22-14-37-23,9760.771882772446,0.0,0.0
4.165016177238441,-0.04832362913477431,-0.2937042171353307,4.166788522450983,0.0006160890969617583,2022-06-22-14-37-25,9762.878761768341,0.0,0.0
4.16567333894177,-0.0461878927225893,-0.29342993415417007,4.166758651463981,0.0006571617033284127,2022-06-22-14-37-27,9764.991941690445,0.0,0.0
4.16567333894177,-0.04815934171839811,-0.2934691174372016,4.166730439976278,0.0004928712774963095,2022-06-22-14-37-29,9767.098430395126,0.0,0.0
4.165344758089617,-0.04487359339276832,-0.2931752428146502,4.1666989094900675,0.0004107260647023825,2022-06-22-14-37-32,9769.215372562408,0.0,0.0
4.165016177238441,-0.048816491383957536,-0.292940143116317,4.1666673790039495,0.00032858085166420636,2022-06-22-14-37-34,9771.329408884048,0.0,0.0
4.165016177238441,-0.04585931789008048,-0.29245035207843517,4.166632529519243,0.00016429042583210318,2022-06-22-14-37-36,9773.462062120438,0.0,0.0
4.165180467663908,-0.0461878927225893,-0.29215647745575496,4.166602658532374,0.00020536303219875762,2022-06-22-14-37-38,9775.569517612457,0.0,0.0
4.165509048515571,-0.05128080263111044,-0.2924503520786962,4.166576106544005,0.00020536303207641105,2022-06-22-14-37-40,9777.702497243881,0.0,0.0
4.165344758089617,-0.04553074305760742,-0.29217606909759575,4.166547895056385,0.00016429042577104092,2022-06-22-14-37-42,9779.839408159256,0.0,0.0
4.165180467663908,-0.04700932980401844,-0.2916666864179868,4.166516364570222,0.00020536303219831353,2022-06-22-14-37-44,9781.946688890457,0.0,0.0
4.165509048515571,-0.04750219205298402,-0.29164709477647377,4.16649479107972,0.00024643563874748864,2022-06-22-14-37-46,9784.065677165985,0.0,0.0
4.165016177238441,-0.04799505430203098,-0.2917842362670579,4.166463260593604,0.0002875082451141431,2022-06-22-14-37-49,9786.21840763092,0.0,0.0
4.16567333894177,-0.043887868895776075,-0.29141199507857357,4.166441687103071,0.00041072606445768933,2022-06-22-14-37-51,9788.34124994278,0.0,0.0
4.165016177238441,-0.04980221588257053,-0.2916470947768282,4.166408497117661,0.0005339438838625199,2022-06-22-14-37-53,9790.462444067001,0.0,0.0
4.164523305963504,-0.04750219205298402,-0.29192137775789867,4.166378626130969,0.0005750164896809462,2022-06-22-14-37-55,9792.582823038101,0.0,0.0
4.165016177238441,-0.04684504238771463,-0.2919409693994064,4.166347095644853,0.0005750164891327181,2022-06-22-14-37-57,9794.700057268143,0.0,0.0
4.164851886813218,-0.04914506621679193,-0.2923132105881553,4.166310586660901,0.0004517986696064291,2022-06-22-14-37-59,9796.838405132294,0.0,0.0
4.164851886813218,-0.04766647946932395,-0.2923523938711804,4.166287353671251,0.00028750824377432593,2022-06-22-14-38-01,9798.958055734634,0.0,0.0
4.164687596388239,-0.04914506621679193,-0.29229361894660527,4.1662591421838,0.00020536303128482203,2022-06-22-14-38-03,9801.080217838287,0.0,0.0
4.165180467663908,-0.04668075497141981,-0.29203892760692113,4.166235909194081,0.00020536303146778678,2022-06-22-14-38-06,9803.21689748764,0.0,0.0
4.165509048515571,-0.04848791655115961,-0.29203892760692113,4.166215995202864,0.0002464356380778021,2022-06-22-14-38-08,9805.332437515259,0.0,0.0
4.165180467663908,-0.04996650329903811,-0.2924895353617972,4.166194421712428,0.00032858085099363166,2022-06-22-14-38-10,9807.48310494423,0.0,0.0
4.165016177238441,-0.04668075497141981,-0.2923915771542479,4.166164550725602,0.00032858085111553414,2022-06-22-14-38-12,9809.603995800018,0.0,0.0
4.165016177238441,-0.04454501856040213,-0.29176464462591384,4.166139658236636,0.00020536303219831353,2022-06-22-14-38-14,9811.725667238235,0.0,0.0
4.164687596388239,-0.04454501856040213,-0.29129444522976694,4.1661097872499,0.00020536303183305016,2022-06-22-14-38-16,9813.831733226776,0.0,0.0
4.164687596388239,-0.04717361722033127,-0.29109852881460907,4.166076597264588,0.0001232178189172206,2022-06-22-14-38-18,9815.967406749725,0.0,0.0
4.164030434690761,-0.04569503047383948,-0.291039753890102,4.166038428781621,0.00024643563692006154,2022-06-22-14-38-20,9818.08992099762,0.0,0.0
4.165509048515571,-0.04635218013885717,-0.29047159628600155,4.166018514790405,0.0006160890931226071,2022-06-22-14-38-23,9820.208119869232,0.0,0.0
4.165016177238441,-0.04635218013885717,-0.29013853838026055,4.1659969412999995,0.0006571616998545249,2022-06-22-14-38-25,9822.29933667183,0.0,0.0
4.164359015539012,-0.046516467555134,-0.28976629719145003,4.165967070313351,0.0008214521247118522,2022-06-22-14-38-27,9824.412241220474,0.0,0.0
4.164523305963504,-0.04898077880037016,-0.29013853838017845,4.165937199326659,0.0006982343064654284,2022-06-22-14-38-29,9826.523762464523,0.0,0.0
4.164523305963504,-0.046023605306330415,-0.29013853838017845,4.165910647338528,0.00032858085026288286,2022-06-22-14-38-31,9828.625789165497,0.0,0.0
4.164359015539012,-0.04717361722033127,-0.2898446637574009,4.165882435851159,0.0002464356371034704,2022-06-22-14-38-33,9830.713247537613,0.0,0.0
4.164359015539012,-0.04733790463665313,-0.2896879306252746,4.16585090536523,8.214521224614302e-05,2022-06-22-14-38-35,9832.817739248276,0.0,0.0
4.164687596388239,-0.04750219205298402,-0.28947242256857114,4.165826012876338,0.0001232178184298327,2022-06-22-14-38-37,9834.926664113998,0.0,0.0
4.164523305963504,-0.04668075497141981,-0.28910018137974003,4.165801120387483,0.0001642904246135224,2022-06-22-14-38-39,9837.031072616577,0.0,0.0
4.164523305963504,-0.04585931789008048,-0.2888650816816411,4.165777887397903,0.00012321781849045088,2022-06-22-14-38-42,9839.152261257172,0.0,0.0
4.164359015539012,-0.04750219205298402,-0.288355699001947,4.16575133540981,0.0001642904246135224,2022-06-22-14-38-44,9841.306638240814,0.0,0.0
4.164687596388239,-0.04832362913477431,-0.28847324885103526,4.165728102420195,0.0001642904246135224,2022-06-22-14-38-46,9843.427160739899,0.0,0.0
4.164194725114764,-0.045202168225170064,-0.2881989658699648,4.165699890932868,0.00024643563679860314,2022-06-22-14-38-48,9845.54669880867,0.0,0.0
4.164359015539012,-0.04684504238771463,-0.2880618243793807,4.165681636441122,0.0002875082428606124,2022-06-22-14-38-50,9847.633538007736,0.0,0.0
4.164687596388239,-0.04766647946932395,-0.2881597825869354,4.165656743952232,0.00032858084904430207,2022-06-22-14-38-52,9849.725549459457,0.0,0.0
4.164194725114764,-0.04717361722033127,-0.28761121662421835,4.165626872965627,0.0003696534551063113,2022-06-22-14-38-54,9851.843664646149,0.0,0.0
4.164523305963504,-0.04766647946932395,-0.28763080826573145,4.1656003209774966,0.0003285808489226216,2022-06-22-14-38-56,9853.962073087692,0.0,0.0
4.164194725114764,-0.049309353633222835,-0.28784631632243496,4.165573768989444,0.00036965345504569314,2022-06-22-14-38-58,9856.080319404602,0.0,0.0
4.164523305963504,-0.04700932980401844,-0.28808141602046966,4.165550535999863,0.0003696534549240127,2022-06-22-14-39-01,9858.210286855698,0.0,0.0
4.163866144267,-0.04454501856040213,-0.2879834578129898,4.165520665013347,0.00041072606068137674,2022-06-22-14-39-03,9860.327693462372,0.0,0.0
4.164851886813218,-0.047830766885672935,-0.28800304945450395,4.1655007510222495,0.0005750164850508721,2022-06-22-14-39-05,9862.445830583572,0.0,0.0
4.164194725114764,-0.0494736410496629,-0.28882589839762873,4.165475858533469,0.0006571616974793137,2022-06-22-14-39-07,9864.564559936523,0.0,0.0
4.164194725114764,-0.04733790463665313,-0.2888454900391397,4.165442668548304,0.000575016485294233,2022-06-22-14-39-09,9866.686001777649,0.0,0.0
4.164030434690761,-0.046516467555134,-0.28892385660515546,4.165416116560291,0.00045179866716882344,2022-06-22-14-39-11,9868.805777311325,0.0,0.0
4.164030434690761,-0.04635218013885717,-0.28859079869941445,4.165386245573732,0.00020536303061424732,2022-06-22-14-39-13,9870.922102212906,0.0,0.0
4.163866144267,-0.04668075497141981,-0.2883165157182085,4.165354715087942,8.214521194105373e-05,2022-06-22-14-39-15,9873.03295969963,0.0,0.0
4.163701853843484,-0.04585931789008048,-0.28825774079369826,4.165326503600741,0.00012321781782009822,2022-06-22-14-39-18,9875.152562141418,0.0,0.0
4.163866144267,-0.04750219205298402,-0.28837529064275413,4.1652999516127664,0.00012321781769841778,2022-06-22-14-39-20,9877.271276950836,0.0,0.0
4.164030434690761,-0.0461878927225893,-0.2881989658691751,4.1652700806262075,0.00016429042363874657,2022-06-22-14-39-22,9879.39445734024,0.0,0.0
4.164030434690761,-0.04996650329903811,-0.2882969240768057,4.165243528638194,0.00012321781769841778,2022-06-22-14-39-24,9881.516692638397,0.0,0.0
4.163701853843484,-0.047830766885672935,-0.2882185575107381,4.165213657651723,0.00016429042363874657,2022-06-22-14-39-26,9883.666294574738,0.0,0.0
4.164194725114764,-0.04766647946932395,-0.2879442745294411,4.165190424662212,0.0002464356355798003,2022-06-22-14-39-28,9885.77114534378,0.0,0.0
4.163866144267,-0.0494736410496629,-0.28804223273705526,4.1651671916727695,0.00028750824158052524,2022-06-22-14-39-30,9887.89225077629,0.0,0.0
4.164030434690761,-0.04536645564138428,-0.28735652528394384,4.165142299184025,0.00032858084752085404,2022-06-22-14-39-32,9890.026914596558,0.0,0.0
4.163701853843484,-0.050130790715514864,-0.2875328500576691,4.165105790200452,0.00032858084752085404,2022-06-22-14-39-35,9892.152041912079,0.0,0.0
4.163866144267,-0.045037880808964745,-0.28765039990662905,4.165080897711745,0.0002464356355798003,2022-06-22-14-39-37,9894.288009166718,0.0,0.0
4.163208982574395,-0.043395006647399245,-0.2875720333406768,4.165049367226143,0.0003285808467898832,2022-06-22-14-39-39,9896.404424190521,0.0,0.0
4.164030434690761,-0.046023605306330415,-0.28743489185013044,4.165032772233708,0.0004928712699410198,2022-06-22-14-39-41,9898.524887561798,0.0,0.0
4.163701853843484,-0.04438073114423234,-0.2872781587181584,4.165009539244299,0.0004928712699410198,2022-06-22-14-39-43,9900.645046949387,0.0,0.0
4.163701853843484,-0.04848791655115961,-0.28737611692574005,4.164982987256366,0.00045179866406197533,2022-06-22-14-39-45,9902.761989593506,0.0,0.0
4.16353756342021,-0.04454501856040213,-0.2869255091711116,4.164954775769207,0.000328580846729265,2022-06-22-14-39-47,9904.863233327866,0.0,0.0
4.163866144267,-0.04470930597658079,-0.2864749014164585,4.164928223781232,0.0002053630293352704,2022-06-22-14-39-49,9906.968496084213,0.0,0.0
4.16353756342021,-0.0461878927225893,-0.28659245126546307,4.1649033312926,0.0002053630292133679,2022-06-22-14-39-51,9909.087022066116,0.0,0.0
4.16353756342021,-0.050130790715514864,-0.28688632588828955,4.164880098303226,0.0002053630292133679,2022-06-22-14-39-54,9911.209733247757,0.0,0.0
4.164030434690761,-0.04355929406351605,-0.2863377599262375,4.164860184312276,0.0002875082410327412,2022-06-22-14-39-56,9913.34026479721,0.0,0.0
4.163701853843484,-0.043887868895776075,-0.2860047020207697,4.164838610822127,0.0002875082411546437,2022-06-22-14-39-58,9915.468410253525,0.0,0.0
4.162716111307499,-0.049309353633222835,-0.28637694320953916,4.164807080336665,0.00045179866345335107,2022-06-22-14-40-00,9917.586852788925,0.0,0.0
4.16337327299718,-0.04668075497141981,-0.2864944930585629,4.164782187848069,0.0006160890858737389,2022-06-22-14-40-02,9919.705684423447,0.0,0.0
4.163701853843484,-0.04668075497141981,-0.28625939336039935,4.164757295359399,0.0005750164798117297,2022-06-22-14-40-04,9921.821939706802,0.0,0.0
4.163866144267,-0.04717361722033127,-0.2863377599264323,4.1647340623699565,0.0005339438738714009,2022-06-22-14-40-06,9923.956558227539,0.0,0.0
4.163701853843484,-0.04848791655115961,-0.28616143515271686,4.1647124888798075,0.00032858084575426716,2022-06-22-14-40-08,9926.062475442886,0.0,0.0
4.16337327299718,-0.04799505430203098,-0.28596551873750475,4.1646909153897225,0.0002464356349096697,2022-06-22-14-40-11,9928.181833028793,0.0,0.0
4.164030434690761,-0.047830766885672935,-0.2857696023223034,4.164674320397288,0.000328580846729043,2022-06-22-14-40-13,9930.309411287308,0.0,0.0
4.163701853843484,-0.05045936554849602,-0.28643571813376856,4.164649427908618,0.0003696534526693718,2022-06-22-14-40-15,9932.428360462189,0.0,0.0
4.163701853843484,-0.048652203967554014,-0.2868667342469503,4.164627854418469,0.0003285808467903273,2022-06-22-14-40-17,9934.540573120117,0.0,0.0
4.163208982574395,-0.051445090047661096,-0.28708224230381,4.164601302430652,0.00036965345248662906,2022-06-22-14-40-19,9936.657066106796,0.0,0.0
4.1630446921518525,-0.04290214439910159,-0.2862593933605954,4.164571431444359,0.000246435634727149,2022-06-22-14-40-21,9938.78119301796,0.0,0.0
4.163208982574395,-0.04750219205298402,-0.2864749014171684,4.164549857954307,0.00020536302854345934,2022-06-22-14-40-23,9940.897701978683,0.0,0.0
4.162880401729554,-0.05111651521456906,-0.2870626506627734,4.1645166679695365,0.00028750823975376427,2022-06-22-14-40-25,9943.032185554504,0.0,0.0
4.16337327299718,-0.04438073114423234,-0.2867491843987612,4.164490115981681,0.00028750823938827885,2022-06-22-14-40-28,9945.142221450806,0.0,0.0
4.162551820885688,-0.049309353633222835,-0.2869842840969767,4.164450287999957,0.0004517986616257019,2022-06-22-14-40-30,9947.253306150436,0.0,0.0
4.16337327299718,-0.05029507813200085,-0.2870822423046182,4.164427055010618,0.000616089083863125,2022-06-22-14-40-32,9949.374354362488,0.0,0.0
4.16353756342021,-0.04914506621679193,-0.2872781587197978,4.164405481520502,0.0005750164784101841,2022-06-22-14-40-34,9951.48090338707,0.0,0.0
4.16337327299718,-0.049309353633222835,-0.28751325841801323,4.164383908030417,0.0004928712672609414,2022-06-22-14-40-36,9953.599781751633,0.0,0.0
4.1630446921518525,-0.04980221588257053,-0.28829692407826013,4.164352377544862,0.00036965345071982014,2022-06-22-14-40-38,9955.720900058746,0.0,0.0
4.1630446921518525,-0.04635218013885717,-0.28843406556876916,4.164329144555592,0.00016429042284671347,2022-06-22-14-40-40,9957.832167863846,0.0,0.0
4.162880401729554,-0.0530879642136797,-0.2891785479468683,4.164297614070084,0.00016429042266397076,2022-06-22-14-40-42,9959.952251195908,0.0,0.0
4.163208982574395,-0.04980221588257053,-0.2898642553996776,4.1642710620822685,0.00020536302811691165,2022-06-22-14-40-44,9962.067402601242,0.0,0.0
4.163208982574395,-0.046023605306330415,-0.28984466375817414,4.1642511480914655,0.00012321781678492627,2022-06-22-14-40-47,9964.184292078018,0.0,0.0
4.162551820885688,-0.043887868895776075,-0.28945283092818,4.164219617606051,0.00028750823896173117,2022-06-22-14-40-49,9966.3043487072,0.0,0.0
4.162880401729554,-0.048816491383957536,-0.28974670555087645,4.164198044116062,0.0003285808443536098,2022-06-22-14-40-51,9968.438406705856,0.0,0.0
4.162880401729554,-0.04487359339276832,-0.28913936466400286,4.164169832629071,0.00024643563314330486,2022-06-22-14-40-53,9970.546072006226,0.0,0.0
4.162880401729554,-0.04815934171839811,-0.2891197730224855,4.164148259139082,0.00024643563314330486,2022-06-22-14-40-55,9972.664566516876,0.0,0.0
4.1630446921518525,-0.04750219205298402,-0.2892765061545514,4.164121707151304,0.0001232178165411213,2022-06-22-14-40-57,9974.782502651215,0.0,0.0
4.16337327299718,-0.045037880808964745,-0.2889042649659251,4.164098474161965,0.00012321781690660671,2022-06-22-14-40-59,9976.89339017868,0.0,0.0
4.16337327299718,-0.045037880808964745,-0.28892385660742104,4.1640785601711325,0.00012321781690660671,2022-06-22-14-41-01,9979.042294025421,0.0,0.0
4.162880401729554,-0.04898077880037016,-0.28894344824894286,4.164056986681145,0.00024643563381321343,2022-06-22-14-41-04,9981.159742355347,0.0,0.0
4.162880401729554,-0.04996650329903811,-0.2894332392868247,4.164035413191156,0.0002053630282385921,2022-06-22-14-41-06,9983.270329713821,0.0,0.0
4.162880401729554,-0.048816491383957536,-0.28974670555102566,4.1640121802019205,0.00012321781690660671,2022-06-22-14-41-08,9985.391334056854,0.0,0.0
4.162716111307499,-0.04733790463665313,-0.28927650615443745,4.16398396871497,0.00016429042242038783,2022-06-22-14-41-10,9987.51179099083,0.0,0.0
4.16353756342021,-0.04470930597658079,-0.2891785479469523,4.163965714223361,0.000246435633691533,2022-06-22-14-41-12,9989.629057645798,0.0,0.0
4.1623875304641205,-0.04684504238771463,-0.2891589563054435,4.163937502736494,0.0005339438727138823,2022-06-22-14-41-14,9991.744096517563,0.0,0.0
4.162551820885688,-0.049309353633222835,-0.289374464362147,4.163907631750334,0.000575016478105761,2022-06-22-14-41-16,9993.871285438538,0.0,0.0
4.1623875304641205,-0.046023605306330415,-0.2891393646640351,4.163881079762715,0.0005750164779838585,2022-06-22-14-41-18,9995.979219198227,0.0,0.0
4.162880401729554,-0.05078794038151406,-0.28996221360752034,4.163852868275723,0.0004928712661644852,2022-06-22-14-41-20,9998.09106040001,0.0,0.0
4.1630446921518525,-0.04750219205298402,-0.2896879306262385,4.163832954284949,0.00024643563271675717,2022-06-22-14-41-23,10000.20315861702,0.0,0.0
4.162716111307499,-0.05128080263111044,-0.2901385383813146,4.163814699793474,0.000287508238413281,2022-06-22-14-41-25,10002.322221040726,0.0,0.0
4.162716111307499,-0.04898077880037016,-0.2903932297210129,4.163791466804273,0.00024643563302140237,2022-06-22-14-41-27,10004.441393852234,0.0,0.0
4.162551820885688,-0.050130790715514864,-0.2905107795701729,4.163768233815106,0.00016429042211574263,2022-06-22-14-41-29,10006.556818962097,0.0,0.0
4.162716111307499,-0.05111651521456906,-0.2909222040421989,4.16374666032515,0.00016429042199384014,2022-06-22-14-41-31,10008.691585302353,0.0,0.0
4.162223240042795,-0.04717361722033127,-0.29068710434399636,4.163721767836813,0.0002053630270812956,2022-06-22-14-41-33,10010.792805433273,0.0,0.0
4.1630446921518525,-0.04717361722033127,-0.2907458792685227,4.1637001943467915,0.000410726054345556,2022-06-22-14-41-35,10012.905777215958,0.0,0.0
4.162551820885688,-0.047830766885672935,-0.2906675127024552,4.163670323360631,0.0004928712654339584,2022-06-22-14-41-37,10015.019395828247,0.0,0.0
4.162223240042795,-0.047830766885672935,-0.2904128213626723,4.16364045237456,0.0005339438707043787,2022-06-22-14-41-40,10017.136516094208,0.0,0.0
4.1623875304641205,-0.046023605306330415,-0.29033445479665226,4.163613900386941,0.0004517986598597812,2022-06-22-14-41-42,10019.25569987297,0.0,0.0
4.162716111307499,-0.04454501856040213,-0.2903344547966522,4.163590667397738,0.0003285808434401183,2022-06-22-14-41-44,10021.369397878647,0.0,0.0
4.162880401729554,-0.04898077880037016,-0.2908634291173612,4.163572412906237,0.0002464356324127781,2022-06-22-14-41-46,10023.513127326965,0.0,0.0
4.1623875304641205,-0.047830766885672935,-0.29094179568341133,4.163549179917104,0.0002875082380480176,2022-06-22-14-41-48,10025.60744023323,0.0,0.0
4.1623875304641205,-0.04898077880037016,-0.29133362851364103,4.163532584924915,0.00024643563271675717,2022-06-22-14-41-50,10027.725558280945,0.0,0.0
4.1620589496217155,-0.05045936554849602,-0.2918234195516041,4.163497735441139,0.0002464356324733963,2022-06-22-14-41-52,10029.819408893585,0.0,0.0
4.162880401729554,-0.04717361722033127,-0.2919213777591426,4.16347616195115,0.00041072605391923034,2022-06-22-14-41-54,10031.913373947144,0.0,0.0
4.162716111307499,-0.04750219205298402,-0.2920389276081985,4.163459566958911,0.00032858084307463287,2022-06-22-14-41-56,10034.043241024017,0.0,0.0
4.162223240042795,-0.046516467555134,-0.29174505298548586,4.1634363339698135,0.0004517986592504908,2022-06-22-14-41-59,10036.142246723175,0.0,0.0
4.1620589496217155,-0.04684504238771463,-0.2918430111930137,4.163411441481513,0.00041072605391923034,2022-06-22-14-42-01,10038.265722990036,0.0,0.0
4.1620589496217155,-0.04848791655115961,-0.2919997443251313,4.163388208492449,0.00020536302695961517,2022-06-22-14-42-03,10040.381034851074,0.0,0.0
4.1623875304641205,-0.04717361722033127,-0.2919801526836204,4.163368294501793,0.00024643563204707064,2022-06-22-14-42-05,10042.497687339783,0.0,0.0
4.161894659200878,-0.045202168225170064,-0.29170586970254997,4.1633400830150515,0.00024643563168180727,2022-06-22-14-42-07,10044.611108064651,0.0,0.0
4.162551820885688,-0.05045936554849602,-0.29215647745750084,4.163320169024367,0.0003696534476143043,2022-06-22-14-42-09,10046.726459026337,0.0,0.0
4.1623875304641205,-0.04470930597658079,-0.2920193359670142,4.1632985955344735,0.0004107260530061829,2022-06-22-14-42-11,10048.869405984879,0.0,0.0
4.1623875304641205,-0.04766647946932395,-0.29203892760852723,4.163278681543817,0.00032858084240494634,2022-06-22-14-42-13,10050.97214961052,0.0,0.0
4.162880401729554,-0.04766647946932395,-0.2919605610424641,4.1632604270523155,0.0003285808429527304,2022-06-22-14-42-15,10053.088644742966,0.0,0.0
4.1620589496217155,-0.0494736410496629,-0.29246994372176305,4.163238853562486,0.0003696534487098724,2022-06-22-14-42-18,10055.180445194244,0.0,0.0
4.1620589496217155,-0.048816491383957536,-0.2927050434199396,4.163215620573423,0.00032858084331799375,2022-06-22-14-42-20,10057.284696817398,0.0,0.0
4.162223240042795,-0.05029507813200085,-0.29301850968429655,4.163190728085084,0.0003696534485879699,2022-06-22-14-42-22,10059.401453495026,0.0,0.0
4.162551820885688,-0.04323071923129125,-0.29254831028835443,4.1631741330928715,0.0003285808429527304,2022-06-22-14-42-24,10061.507943153381,0.0,0.0
4.161894659200878,-0.04635218013885717,-0.2923915771562799,4.1631475811053695,0.0002875082371955884,2022-06-22-14-42-26,10063.630156040192,0.0,0.0
4.1620589496217155,-0.04585931789008048,-0.29198015268450467,4.163126007615541,0.00032858084240494634,2022-06-22-14-42-28,10065.762065649033,0.0,0.0
4.161894659200878,-0.04717361722033127,-0.2919997443260145,4.163099455628039,0.00032858084234432816,2022-06-22-14-42-30,10067.881942749023,0.0,0.0
4.161894659200878,-0.04832362913477431,-0.29245035208064296,4.163079541637473,0.0002464356316211891,2022-06-22-14-42-32,10069.997650384903,0.0,0.0
4.162223240042795,-0.048816491383957536,-0.29256790192975063,4.163052989649893,0.00016429042089805002,2022-06-22-14-42-34,10072.087149620056,0.0,0.0
4.161730368780285,-0.04717361722033127,-0.2922936189484992,4.163028097161666,0.00024643563131632185,2022-06-22-14-42-37,10074.208456516266,0.0,0.0
4.161894659200878,-0.04635218013885717,-0.29217606909944976,4.1630048641726365,0.0002464356312552596,2022-06-22-14-42-39,10076.322159051895,0.0,0.0
4.162223240042795,-0.048652203967554014,-0.29243076043912,4.1629866096812425,0.0003285808417345937,2022-06-22-14-42-41,10078.424633264542,0.0,0.0
4.161730368780285,-0.04766647946932395,-0.2925874935711945,4.162963376692248,0.00036965344688288937,2022-06-22-14-42-43,10080.539408445358,0.0,0.0
4.162223240042795,-0.04470930597658079,-0.2923523938731854,4.162946781700085,0.00036965344688288937,2022-06-22-14-42-45,10082.644127845764,0.0,0.0
4.1614017879398295,-0.04717361722033127,-0.2925091270052342,4.162923548711159,0.0005339438674760721,2022-06-22-14-42-47,10084.76206278801,0.0,0.0
4.161730368780285,-0.04700932980401844,-0.2924503520807014,4.162901975221394,0.0005339438671105867,2022-06-22-14-42-49,10086.87199640274,0.0,0.0
4.1620589496217155,-0.04898077880037016,-0.29278340998642405,4.162882061230798,0.0004928712618406106,2022-06-22-14-42-51,10088.99202632904,0.0,0.0
4.161894659200878,-0.05029507813200085,-0.292822593269484,4.162860487741002,0.00041072605142233876,2022-06-22-14-42-53,10091.124213695526,0.0,0.0
4.161730368780285,-0.04717361722033127,-0.2927442267034338,4.162840573750464,0.000246435630829156,2022-06-22-14-42-56,10093.256875038147,0.0,0.0
4.1614017879398295,-0.052759389380401256,-0.29335156759088066,4.162812362263848,0.000246435630829156,2022-06-22-14-42-58,10095.384689331055,0.0,0.0
4.161894659200878,-0.04684504238771463,-0.29303810132661057,4.162792448273281,0.0002875082357336467,2022-06-22-14-43-00,10097.481490850449,0.0,0.0
4.161566078359935,-0.04898077880037016,-0.29346911743983967,4.162767555785091,0.0003285808407600399,2022-06-22-14-43-02,10099.59194612503,0.0,0.0
4.161894659200878,-0.04750219205298402,-0.29315565117550013,4.1627493012937515,0.0003696534458474954,2022-06-22-14-43-04,10101.70705485344,0.0,0.0
4.161566078359935,-0.045037880808964745,-0.29315565117550013,4.162726068304792,0.00036965344596939786,2022-06-22-14-43-06,10103.846713781357,0.0,0.0
4.161566078359935,-0.046516467555134,-0.2935278923639239,4.162709473312727,0.0002464356307072535,2022-06-22-14-43-08,10105.964704275131,0.0,0.0
4.1614017879398295,-0.049309353633222835,-0.29391972519419673,4.162682921325343,0.00020536302549789553,2022-06-22-14-43-10,10108.102949619293,0.0,0.0
4.161566078359935,-0.04766647946932395,-0.29431155802425485,4.162661347835611,0.00016429042028853758,2022-06-22-14-43-13,10110.211691617966,0.0,0.0
4.161730368780285,-0.04717361722033127,-0.2941548248921372,4.162641433845074,0.00012321781514024188,2022-06-22-14-43-15,10112.333923578262,0.0,0.0
4.161566078359935,-0.048652203967554014,-0.2946446159298037,4.162621519854566,0.00016429042022769735,2022-06-22-14-43-17,10114.448999643326,0.0,0.0
4.1614017879398295,-0.05029507813200085,-0.2953107317412321,4.162596627366414,0.00016429042022769735,2022-06-22-14-43-19,10116.565851688385,0.0,0.0
4.161566078359935,-0.05029507813200085,-0.29580052277916813,4.1625767133759055,0.00016429042022769735,2022-06-22-14-43-21,10118.68408536911,0.0,0.0
4.1620589496217155,-0.0461878927225893,-0.29533032338276255,4.162561777882992,0.000246435630585351,2022-06-22-14-43-23,10120.83256649971,0.0,0.0
4.16090891668097,-0.0494736410496629,-0.29603562247698423,4.162530247398045,0.0004928712606842023,2022-06-22-14-43-25,10122.94038772583,0.0,0.0
4.161237497519966,-0.04717361722033127,-0.29642745530697834,4.162505354909928,0.0005339438654068385,2022-06-22-14-43-27,10125.0593957901,0.0,0.0
4.161073207100347,-0.04372358147964166,-0.2957613394957692,4.162488759917936,0.0005339438652853801,2022-06-22-14-43-30,10127.14697599411,0.0,0.0
4.161237497519966,-0.04898077880037016,-0.2960356224769752,4.162467186428268,0.00045179865474520575,2022-06-22-14-43-32,10129.251893043518,0.0,0.0
4.16090891668097,-0.048652203967554014,-0.2962707221751388,4.162438974941777,0.0002464356293079284,2022-06-22-14-43-34,10131.367424249649,0.0,0.0
4.16090891668097,-0.048652203967554014,-0.29644704694877594,4.162409103956059,0.000164290419558899,2022-06-22-14-43-36,10133.455689430237,0.0,0.0
4.161073207100347,-0.04750219205298402,-0.29632949709968126,4.162382551968755,0.00016429041949805878,2022-06-22-14-43-38,10135.564574241638,0.0,0.0
4.161730368780285,-0.045202168225170064,-0.2959964391940683,4.1623659569766644,0.0002875082345776825,2022-06-22-14-43-40,10137.671606302261,0.0,0.0
4.161237497519966,-0.04963792846611213,-0.2962119472507957,4.162337745490091,0.0003285808399082768,2022-06-22-14-43-42,10139.787762880325,0.0,0.0
4.16090891668097,-0.045037880808964745,-0.29556542308082656,4.162309534003601,0.0004107260496573062,2022-06-22-14-43-44,10141.891845941544,0.0,0.0
4.1614017879398295,-0.05045936554849602,-0.2957809311376139,4.162286301014675,0.000492871259528016,2022-06-22-14-43-46,10143.994877815247,0.0,0.0
4.16090891668097,-0.04848791655115961,-0.29542828159009427,4.162263068025853,0.00045179865425826193,2022-06-22-14-43-48,10146.123827934265,0.0,0.0
4.161073207100347,-0.04700932980401844,-0.29591807262749426,4.162243154035433,0.0003696534440227328,2022-06-22-14-43-51,10148.209656000137,0.0,0.0
4.1614017879398295,-0.04553074305760742,-0.2956829729294211,4.162224899544175,0.00036965344414441326,2022-06-22-14-43-53,10150.3391559124,0.0,0.0
4.161237497519966,-0.04668075497141981,-0.2951539986083328,4.162208304552159,0.00028750823439538387,2022-06-22-14-43-55,10152.447694301605,0.0,0.0
4.16090891668097,-0.04569503047383948,-0.2953107317403048,4.162183412064117,0.00024643562942960884,2022-06-22-14-43-57,10154.534525871277,0.0,0.0
4.160744626261839,-0.0461878927225893,-0.29493849055153537,4.162165157572966,0.0002464356293683245,2022-06-22-14-43-59,10156.643000602722,0.0,0.0
4.161237497519966,-0.048652203967554014,-0.2947425741362796,4.162143584083297,0.00028750823402945436,2022-06-22-14-44-01,10158.761286973953,0.0,0.0
4.16058033584295,-0.04750219205298402,-0.2945466577211001,4.162113713097668,0.0004107260483177111,2022-06-22-14-44-03,10160.850046396255,0.0,0.0
4.160744626261839,-0.04684504238771463,-0.294252783098355,4.162087161110442,0.0003696534432908738,2022-06-22-14-44-05,10162.970539808273,0.0,0.0
4.161073207100347,-0.0494736410496629,-0.29421359981530165,4.162067247120023,0.0004107260481349684,2022-06-22-14-44-07,10165.091148138046,0.0,0.0
4.16090891668097,-0.04684504238771463,-0.2942723747398216,4.162045673630418,0.0003285808384472233,2022-06-22-14-44-10,10167.229703187943,0.0,0.0
4.160416045424304,-0.04996650329903811,-0.2939001335505742,4.162020781142487,0.00028750823335976783,2022-06-22-14-44-12,10169.347550153732,0.0,0.0
4.160744626261839,-0.04569503047383948,-0.29341034251271936,4.161995888654481,0.00032858083802134175,2022-06-22-14-44-14,10171.46081328392,0.0,0.0
4.160416045424304,-0.05095222779803693,-0.2939980917582917,4.161967677168117,0.0003285808377782029,2022-06-22-14-44-16,10173.591812133789,0.0,0.0
4.16058033584295,-0.046516467555134,-0.2943115580222529,4.1619477631777855,0.00032858083759568224,2022-06-22-14-44-18,10175.731830835342,0.0,0.0
4.160744626261839,-0.04898077880037016,-0.29433114966377466,4.161926189688212,0.00024643562815129805,2022-06-22-14-44-20,10177.841748714447,0.0,0.0
4.160744626261839,-0.0461878927225893,-0.29448788279577226,4.161904616198639,0.00016429041876753203,2022-06-22-14-44-22,10179.952133655548,0.0,0.0
4.160416045424304,-0.04914506621679193,-0.294605432644893,4.161879723710707,0.00016429041876753203,2022-06-22-14-44-24,10182.043677806854,0.0,0.0
4.160416045424304,-0.04487359339276832,-0.2942919663808295,4.16185317172356,0.0001232178141059581,2022-06-22-14-44-27,10184.16739153862,0.0,0.0
4.160744626261839,-0.04980221588257053,-0.2948601239846788,4.161826619736333,0.00016429041876753203,2022-06-22-14-44-29,10186.26744055748,0.0,0.0
4.160416045424304,-0.04717361722033127,-0.2951148153242234,4.161796748750749,0.00024643562815129805,2022-06-22-14-44-31,10188.389383077621,0.0,0.0
4.160251755005903,-0.04750219205298402,-0.29493849055056665,4.161770196763641,0.00020536302336782164,2022-06-22-14-44-33,10190.508955717087,0.0,0.0
4.161073207100347,-0.04733790463665313,-0.29462502428624454,4.161751942272437,0.0004107260469787821,2022-06-22-14-44-35,10192.618732452393,0.0,0.0
4.160251755005903,-0.04635218013885717,-0.2943311496635481,4.161725390285329,0.0005339438612059766,2022-06-22-14-44-37,10194.754654407501,0.0,0.0
4.160416045424304,-0.04470930597658079,-0.29401768339950174,4.16170215729661,0.0004928712564225002,2022-06-22-14-44-39,10196.87752366066,0.0,0.0
4.160416045424304,-0.04569503047383948,-0.29413523324848706,4.161670626811802,0.0004517986518222106,2022-06-22-14-44-41,10198.966651916504,0.0,0.0
4.161237497519966,-0.04832362913477431,-0.2943115580221049,4.161659010317417,0.00045179865212685577,2022-06-22-14-44-43,10201.092836618423,0.0,0.0
4.16058033584295,-0.0494736410496629,-0.2943311496636299,4.161639096327087,0.00041072604776992705,2022-06-22-14-44-46,10203.213968038559,0.0,0.0
4.160744626261839,-0.046023605306330415,-0.29433114966362994,4.161622501335144,0.00041072604789182954,2022-06-22-14-44-48,10205.33578133583,0.0,0.0
4.15992317416983,-0.04963792846611213,-0.2941940081729164,4.161592630349692,0.0006160890708941658,2022-06-22-14-44-50,10207.473225355148,0.0,0.0
4.15992317416983,-0.05095222779803693,-0.29460543264491945,4.161561099865026,0.0004107260469785601,2022-06-22-14-44-52,10209.582239627838,0.0,0.0
4.160087464587744,-0.046516467555134,-0.2940372750407874,4.161534547877957,0.0002875082322031375,2022-06-22-14-44-54,10211.700149536133,0.0,0.0
4.16058033584295,-0.04668075497141981,-0.2937629920595814,4.161512974388416,0.00036965344128248034,2022-06-22-14-44-56,10213.816294908524,0.0,0.0
4.160251755005903,-0.04848791655115961,-0.29356707564433665,4.161489741399731,0.00024643562754200765,2022-06-22-14-44-58,10215.90223622322,0.0,0.0
4.160416045424304,-0.04980221588257053,-0.2934103425120794,4.161466508411013,0.00028750823214229726,2022-06-22-14-45-00,10218.021738052368,0.0,0.0
4.16058033584295,-0.05128080263111044,-0.2939001335501785,4.161449913419095,0.000287508232325262,2022-06-22-14-45-02,10220.126040697098,0.0,0.0
4.15992317416983,-0.048652203967554014,-0.2940764583238158,4.1614183829344285,0.0003285808368038712,2022-06-22-14-45-05,10222.246740579605,0.0,0.0
4.159758883752158,-0.04733790463665313,-0.2940176833992765,4.161390171448231,0.00028750823195999864,2022-06-22-14-45-07,10224.383517980576,0.0,0.0
4.160416045424304,-0.04717361722033127,-0.29393931683322627,4.161371916957135,0.0004107260453962702,2022-06-22-14-45-09,10226.496691942215,0.0,0.0
4.160251755005903,-0.05128080263111044,-0.2945662493618718,4.161350343467658,0.0004107260453349859,2022-06-22-14-45-11,10228.600556612015,0.0,0.0
4.160251755005903,-0.04815934171839811,-0.2949972654749828,4.161325450979763,0.0002464356270548418,2022-06-22-14-45-13,10230.714390993118,0.0,0.0
4.16058033584295,-0.046023605306330415,-0.2946446159277567,4.161302217991009,0.00028750823189871433,2022-06-22-14-45-15,10232.836877822876,0.0,0.0
4.159758883752158,-0.04668075497141981,-0.29450747443718023,4.16127566600402,0.00032858083656028825,2022-06-22-14-45-17,10234.951747894287,0.0,0.0
4.159758883752158,-0.04700932980401844,-0.2942723747389907,4.161249114017031,0.00028750823195999864,2022-06-22-14-45-19,10237.056944608688,0.0,0.0
4.159758883752158,-0.04980221588257053,-0.2941940081728709,4.161225881028449,0.00028750823195999864,2022-06-22-14-45-22,10239.193988084793,0.0,0.0
4.16058033584295,-0.04898077880037016,-0.2944095162295506,4.161202648039696,0.0004107260453962702,2022-06-22-14-45-24,10241.30074596405,0.0,0.0
4.160087464587744,-0.047830766885672935,-0.2944486995125778,4.161176096052628,0.00032858083649967007,2022-06-22-14-45-26,10243.427074193954,0.0,0.0
4.160087464587744,-0.04750219205298402,-0.29456624936163367,4.161154522563183,0.00032858083649967007,2022-06-22-14-45-28,10245.532814502716,0.0,0.0
4.15992317416983,-0.05062365296500042,-0.2950168571166095,4.161132949073769,0.00036965344097827924,2022-06-22-14-45-30,10247.641590118408,0.0,0.0
4.160251755005903,-0.04733790463665313,-0.2948797156260028,4.161114694582701,0.0002464356272984247,2022-06-22-14-45-32,10249.760707616806,0.0,0.0
4.15992317416983,-0.052759389380401256,-0.29554583143798574,4.16108980209488,0.00020536302251517036,2022-06-22-14-45-34,10251.88421869278,0.0,0.0
4.160251755005903,-0.049309353633222835,-0.29603562247575965,4.161073207103011,0.00028750823153345095,2022-06-22-14-45-36,10254.019477367401,0.0,0.0
4.159758883752158,-0.049309353633222835,-0.2958984809850615,4.161044995616814,0.00036965344049111337,2022-06-22-14-45-38,10256.125749111176,0.0,0.0
4.160251755005903,-0.04585931789008048,-0.29603562247554815,4.161023422127338,0.00041072604490910436,2022-06-22-14-45-41,10258.2476978302,0.0,0.0
4.15992317416983,-0.04717361722033127,-0.2959768475510121,4.160998529639516,0.00041072604490910436,2022-06-22-14-45-43,10260.369391679764,0.0,0.0
4.159430302917546,-0.050130790715514864,-0.2962707221738386,4.160963680156567,0.00045179864896183197,2022-06-22-14-45-45,10262.496721029282,0.0,0.0
4.159430302917546,-0.04766647946932395,-0.2960552141171232,4.160937128169656,0.0003285808355255604,2022-06-22-14-45-47,10264.647759914398,0.0,0.0
4.159758883752158,-0.05029507813200085,-0.2962315388908583,4.160913895181075,0.000287508230742306,2022-06-22-14-45-49,10266.769391298294,0.0,0.0
4.159430302917546,-0.04832362913477431,-0.29599643919256446,4.1608856836949615,0.00028750823037704265,2022-06-22-14-45-51,10268.879394769669,0.0,0.0
4.160087464587744,-0.04585931789008048,-0.29630990545645786,4.160860791207103,0.0003285808348556518,2022-06-22-14-45-53,10271.001681804657,0.0,0.0
4.15992317416983,-0.05029507813200085,-0.2967801048528893,4.1608408772168906,0.000369653439334261,2022-06-22-14-45-55,10273.113841295242,0.0,0.0
4.159758883752158,-0.04684504238771463,-0.2968976547019195,4.160817644228308,0.00032858083509923475,2022-06-22-14-45-58,10275.217056512833,0.0,0.0
4.159430302917546,-0.048816491383957536,-0.29709357111707735,4.160792751740598,0.00032858083509923475,2022-06-22-14-46-00,10277.343486070633,0.0,0.0
4.159266012500604,-0.0494736410496629,-0.29723071260772965,4.160766199753726,0.0002053630217850877,2022-06-22-14-46-02,10279.48279094696,0.0,0.0
4.160416045424304,-0.04569503047383948,-0.29685847141902166,4.160747945262631,0.00045179864823152727,2022-06-22-14-46-04,10281.589756965637,0.0,0.0
4.15992317416983,-0.04487359339276832,-0.2965841884379812,4.160729690771617,0.0005339438574321065,2022-06-22-14-46-06,10283.707813501358,0.0,0.0
4.15959459333473,-0.04815934171839811,-0.2967996964946014,4.1607064577830695,0.000533943857554009,2022-06-22-14-46-08,10285.825685024261,0.0,0.0
4.159758883752158,-0.04766647946932395,-0.2966821466455002,4.160681565295285,0.0005339438576754674,2022-06-22-14-46-10,10287.947156190872,0.0,0.0
4.159758883752158,-0.04470930597658079,-0.2963294970984287,4.160661651305102,0.00024643562675041863,2022-06-22-14-46-12,10290.058676481247,0.0,0.0
4.159758883752158,-0.04766647946932395,-0.29668214664550024,4.160636758817317,0.00012321781313184843,2022-06-22-14-46-15,10292.20963716507,0.0,0.0
4.159266012500604,-0.05111651521456906,-0.2971523460420622,4.160615185328032,0.00016429041724541626,2022-06-22-14-46-17,10294.294020414352,0.0,0.0
4.159430302917546,-0.04700932980401844,-0.2971523460420622,4.160591952339519,0.00016429041712395787,2022-06-22-14-46-19,10296.419399738312,0.0,0.0
4.15959459333473,-0.05111651521456906,-0.2974070373819445,4.160567059851772,0.00020536302142004637,2022-06-22-14-46-21,10298.525733232498,0.0,0.0
4.15959459333473,-0.04635218013885717,-0.29693683798551307,4.160543826863225,0.00020536302142004637,2022-06-22-14-46-23,10300.642848014832,0.0,0.0
4.15959459333473,-0.04470930597658079,-0.2966429633629776,4.160522253373875,8.214520853155882e-05,2022-06-22-14-46-25,10302.75948047638,0.0,0.0
4.159266012500604,-0.04963792846611213,-0.29627072217377226,4.160500679884589,0.00012321781282764732,2022-06-22-14-46-27,10304.881956338882,0.0,0.0
4.159101722083906,-0.04733790463665313,-0.2963294970983018,4.16047246839856,0.00012321781270596688,2022-06-22-14-46-29,10307.011479139328,0.0,0.0
4.159430302917546,-0.050130790715514864,-0.2964666385889846,4.160450894909243,0.00020536302111584526,2022-06-22-14-46-32,10309.137743711472,0.0,0.0
4.15959459333473,-0.04717361722033127,-0.29642745530596165,4.160427661920696,0.00024643562541193376,2022-06-22-14-46-34,10311.225707054138,0.0,0.0
4.159266012500604,-0.04717361722033127,-0.2966821466455062,4.1604044289322175,0.00024643562541193376,2022-06-22-14-46-36,10313.326948404312,0.0,0.0
4.159266012500604,-0.04700932980401844,-0.2967409215700293,4.16038119594374,0.0002053630212375257,2022-06-22-14-46-38,10315.429743289948,0.0,0.0
4.160087464587744,-0.05045936554849602,-0.29687806306072745,4.160367919950285,0.000328580834612735,2022-06-22-14-46-40,10317.536703109741,0.0,0.0
4.159101722083906,-0.0461878927225893,-0.29670173828714846,4.1603430274626465,0.0005339438562761423,2022-06-22-14-46-42,10319.67184472084,0.0,0.0
4.15992317416983,-0.04585931789008048,-0.2965450051550997,4.160324772971633,0.00065716166922547,2022-06-22-14-46-44,10321.809778928757,0.0,0.0
4.159101722083906,-0.046516467555134,-0.2962903138154295,4.160299880483996,0.0008625246907063566,2022-06-22-14-46-46,10323.957135915756,0.0,0.0
4.159101722083906,-0.04848791655115961,-0.29607480575865414,4.160276647495553,0.0006571616689212689,2022-06-22-14-46-48,10326.06881403923,0.0,0.0
4.159101722083906,-0.046516467555134,-0.29562419800372824,4.160251755007916,0.0004107260429617732,2022-06-22-14-46-51,10328.182330608368,0.0,0.0
4.159101722083906,-0.04832362913477431,-0.29587888934337037,4.160221884022685,0.0002053630214808866,2022-06-22-14-46-53,10330.265317678452,0.0,0.0
4.159101722083906,-0.04898077880037016,-0.2958201144187986,4.160203629531806,0.0,2022-06-22-14-46-55,10332.385711193085,0.0,0.0