Vbattery, sensor current, sma current, sma Vbattery, error, timestamp, time, supply voltage, supply current
4.0731778672668675,-0.04898077880037016,0.77524021953325,4.113757577017934,0.00442214800696535,2022-06-22-15-51-47,23.56555485725403,0.0,0.0
4.068906319790965,-0.048816491383957536,0.6919753674050001,4.110307480308167,0.0044105633507297145,2022-06-22-15-51-48,24.670515298843384,0.0,0.0
4.0666062558321245,-0.04963792846611213,0.6199127896840471,4.107185964274165,0.004259813394166224,2022-06-22-15-51-50,26.787906646728516,0.0,0.0
4.064799062754312,-0.0494736410496629,0.5575878604932932,4.104360170839508,0.004096305373075993,2022-06-22-15-51-52,28.905192852020264,0.0,0.0
4.063977611364816,-0.04898077880037016,0.5034172172971718,4.101836260872339,0.0038916269991022268,2022-06-22-15-51-55,31.024887800216675,0.0,0.0
4.063649030810681,-0.04996650329903811,0.4549350359437594,4.0995899532216535,0.003682036031751219,2022-06-22-15-51-57,33.13655138015747,0.0,0.0
4.062334708603649,-0.046516467555134,0.4141025982248781,4.097520217409542,0.003550496374822348,2022-06-22-15-51-59,35.253684282302856,0.0,0.0
4.062006128054267,-0.051609377464221035,0.37440374616936617,4.095651054811896,0.003380921857693932,2022-06-22-15-52-01,37.35782742500305,0.0,0.0
4.061184676684969,-0.05111651521456906,0.33896571519624785,4.09392773590555,0.0032529483332741195,2022-06-22-15-52-03,39.47541689872742,0.0,0.0
4.061020386411822,-0.047830766885672935,0.30874994670726774,4.092360719262992,0.003105869378029998,2022-06-22-15-52-05,41.59277081489563,0.0,0.0
4.061020386411822,-0.04980221588257053,0.2802231176205948,4.090936158678847,0.0029646934972104525,2022-06-22-15-52-07,43.710331439971924,0.0,0.0
4.060856096138913,-0.04700932980401844,0.25561047944039983,4.089628329872763,0.0028429368352842874,2022-06-22-15-52-09,45.82803440093994,0.0,0.0
4.060363225321609,-0.05341653904699564,0.22989708911065684,4.088408950516465,0.0027450174178684414,2022-06-22-15-52-11,47.947563886642456,0.0,0.0
4.059706064235196,-0.05489512579738377,0.20554252390219507,4.087260835065214,0.002661503164610224,2022-06-22-15-52-14,50.053470611572266,0.0,0.0
4.059213193422879,-0.046516467555134,0.18686593286764513,4.086182079617432,0.002578094227983556,2022-06-22-15-52-16,52.17275071144104,0.0,0.0
4.059213193422879,-0.05292367679703579,0.16677118828243798,4.085183231980597,0.0024826092565767574,2022-06-22-15-52-18,54.293437004089355,0.0,0.0
4.059706064235196,-0.05111651521456906,0.1488737575118866,4.084273333132547,0.0024115471692817613,2022-06-22-15-52-20,56.38432860374451,0.0,0.0
4.059706064235196,-0.05390940129704007,0.13107364152820383,4.0834261859291905,0.002328390370341011,2022-06-22-15-52-22,58.48789930343628,0.0,0.0
4.059048903152581,-0.047830766885672935,0.1168523393748526,4.082613609836637,0.0022726827274168154,2022-06-22-15-52-24,60.590251445770264,0.0,0.0
4.059377483693414,-0.05423797613045016,0.10110843323233717,4.081864057380404,0.0022099697536560425,2022-06-22-15-52-26,62.71027421951294,0.0,0.0
4.0585560323431125,-0.04996650329903811,0.0879244238903629,4.0811356815979885,0.002166578553551207,2022-06-22-15-52-28,64.84325075149536,0.0,0.0
4.058884612882521,-0.05177366488079026,0.07489292124694731,4.080461406788428,0.0021108816440317223,2022-06-22-15-52-30,66.94516563415527,0.0,0.0
4.0585560323431125,-0.04996650329903811,0.06325548633642417,4.079817131069449,0.0020584610233075015,2022-06-22-15-52-33,69.0336811542511,0.0,0.0
3.978382408915083,-0.211789614553319,-0.002302066432541621,4.076918996150752,0.0042903228062995576,2022-06-22-15-52-35,71.12310147285461,0.0,0.0
3.9683607099039575,-0.21376106371838358,-0.06486405716191429,4.073903488199452,0.004449527700878055,2022-06-22-15-52-37,73.24929332733154,0.0,0.0
3.961296234070615,-0.21343248885734975,-0.1239394768963388,4.070860048898672,0.004520201974728451,2022-06-22-15-52-39,75.36006355285645,0.0,0.0
3.9578461413774044,-0.21277533913550997,-0.17970149846826775,4.067885998700745,0.004492041204162187,2022-06-22-15-52-41,77.47915863990784,0.0,0.0
3.953574598184276,-0.2131039139963919,-0.23270339445580399,4.06495493714904,0.004486387409007473,2022-06-22-15-52-43,79.58614253997803,0.0,0.0
3.9516031167632164,-0.2131039139963919,-0.2830551956439634,4.062121141639395,0.004423514759308777,2022-06-22-15-52-45,81.70219993591309,0.0,0.0
3.9488101848069714,-0.2091610156707974,-0.3298154517943682,4.059357459765433,0.004383744447038929,2022-06-22-15-52-47,83.80879712104797,0.0,0.0
3.946181543026724,-0.21047531511145584,-0.3747184714941894,4.056662795081178,0.004341956288305793,2022-06-22-15-52-49,85.92854619026184,0.0,0.0
3.945031512266433,-0.209325303100814,-0.4172172342613436,4.0540667187366495,0.0042677254620728956,2022-06-22-15-52-52,88.06368494033813,0.0,0.0
3.942074290363263,-0.2070252790822838,-0.45716709832595526,4.051521436273617,0.004237941290279646,2022-06-22-15-52-54,90.19762110710144,0.0,0.0
3.939774228934625,-0.21343248885734975,-0.4970223758595034,4.049038164999417,0.00419487729335428,2022-06-22-15-52-56,92.28814101219177,0.0,0.0
3.938295618040045,-0.20948959053084934,-0.5341328642789338,4.046630718326388,0.004135828023815707,2022-06-22-15-52-58,94.40706729888916,0.0,0.0
3.935009816118821,-0.2089967282407995,-0.5695403804674568,4.044255805513461,0.004117742362058438,2022-06-22-15-53-00,96.51885986328125,0.0,0.0
3.9341883656528895,-0.21343248885734975,-0.6045635931105436,4.041962733849699,0.004049069614222457,2022-06-22-15-53-02,98.61455869674683,0.0,0.0
3.9330383350102402,-0.21162532712302004,-0.6377218725960995,4.039739786934608,0.003989905553578107,2022-06-22-15-53-04,100.75196552276611,0.0,0.0
3.9312311440231156,-0.21458250087130123,-0.6702520670657721,4.037569614076379,0.003946251262249039,2022-06-22-15-53-06,102.88814210891724,0.0,0.0
3.9304096935836115,-0.2108038899718085,-0.7006318583886619,4.035468439164756,0.0038849806578814907,2022-06-22-15-53-09,104.99630618095398,0.0,0.0
3.928931082806973,-0.21277533913550997,-0.730290789893296,4.033419643850182,0.003838704314011437,2022-06-22-15-53-11,107.11419200897217,0.0,0.0
3.927945342299546,-0.21195390198363687,-0.7586475378811999,4.03142956268885,0.003784874808226824,2022-06-22-15-53-13,109.24701523780823,0.0,0.0
3.9263024414721936,-0.209325303100814,-0.7853793477441743,4.029482764147801,0.0037452086233958123,2022-06-22-15-53-15,111.36302185058594,0.0,0.0
3.924988120826831,-0.21146103969274,-0.8115975362438876,4.0275828615419655,0.003701010660158843,2022-06-22-15-53-17,113.499920129776,0.0,0.0
3.9231809299634226,-0.20768242880149035,-0.8360827506641603,4.0257185413352055,0.0036671924495025876,2022-06-22-15-53-19,115.61927437782288,0.0,0.0
3.9217023192776295,-0.2144182134406796,-0.8611039659753387,4.023893695334196,0.0036287962782094395,2022-06-22-15-53-21,117.73834300041199,0.0,0.0
3.921373739127752,-0.21261105170509748,-0.884894530768069,4.02212610988236,0.003571896000134752,2022-06-22-15-53-23,119.8562502861023,0.0,0.0
3.920716578830746,-0.2131039139963919,-0.9079772580767828,4.020407304271315,0.003522493700081719,2022-06-22-15-53-26,121.98527240753174,0.0,0.0
3.920223708610397,-0.21162532712302004,-0.9299996252405495,4.018737577676967,0.0034719999754195077,2022-06-22-15-53-28,124.11653780937195,0.0,0.0
3.917759357539569,-0.21474678830194194,-0.9519040767736283,4.017082197018977,0.003455481140918011,2022-06-22-15-53-30,126.23347854614258,0.0,0.0
3.9167736171256613,-0.21162532712302004,-0.9725075479208728,4.015464316698117,0.003415646613063003,2022-06-22-15-53-32,128.36345911026,0.0,0.0
3.916280746921797,-0.21425392601007703,-0.9929495305050359,4.0138899743207155,0.0033692533367265186,2022-06-22-15-53-34,130.47981595993042,0.0,0.0
3.9154592965865995,-0.21277533913550997,-1.0124799487257328,4.0123519949811195,0.0033294439148276248,2022-06-22-15-53-36,132.59630036354065,0.0,0.0
3.9159521667870316,-0.20883244081082042,-1.0306932810910092,4.01086892070121,0.0032858043192215396,2022-06-22-15-53-38,134.73344016075134,0.0,0.0
3.913652105869294,-0.21014674025117847,-1.0485897940114703,4.009395938658302,0.003270868813138448,2022-06-22-15-53-40,136.84993290901184,0.0,0.0
3.9123377853649974,-0.21392535114892905,-1.0666179061212613,4.007947309504671,0.0032416665995736458,2022-06-22-15-53-43,138.98267459869385,0.0,0.0
3.9118449151796577,-0.21195390198363687,-1.083773502108481,4.006534038999892,0.003201243122893735,2022-06-22-15-53-45,141.12181854248047,0.0,0.0
3.9115163350572413,-0.2168825249020109,-1.1012751269127217,4.0051569708268095,0.0031596103257853685,2022-06-22-15-53-47,143.2364218235016,0.0,0.0
3.9106948847551983,-0.2111324648322365,-1.1173069189551161,4.003807512454357,0.0031262080397319054,2022-06-22-15-53-49,145.34335374832153,0.0,0.0
3.9097091444002863,-0.2122824768443293,-1.1330783366966286,4.002482183326835,0.003096060607551344,2022-06-22-15-53-51,147.4622254371643,0.0,0.0
3.907409083604135,-0.21376106371838358,-1.148654106085425,4.0011617236084644,0.0030850050546152308,2022-06-22-15-53-53,149.58840227127075,0.0,0.0
3.907737663715131,-0.20981816539097634,-1.1631654743376374,3.99988194196609,0.0030472458088122247,2022-06-22-15-53-55,151.74018502235413,0.0,0.0
3.906094763169282,-0.2131039139963919,-1.17780885227878,3.9986145476580246,0.0030282681701235313,2022-06-22-15-53-57,153.87630915641785,0.0,0.0
3.9062590532228403,-0.21014674025117847,-1.1915962426996154,3.997383141065556,0.0029900817952359954,2022-06-22-15-54-00,155.98169779777527,0.0,0.0
3.904616152697531,-0.21573251288618714,-1.205888510622448,3.996162522797556,0.0029723557258948554,2022-06-22-15-54-02,158.09727430343628,0.0,0.0
3.9039589924937954,-0.21261105170509748,-1.219330954951425,3.9949650743520526,0.002942288251581098,2022-06-22-15-54-04,160.21609497070312,0.0,0.0
3.9039589924937954,-0.21376106371838358,-1.2326027854352526,3.9937983297128445,0.002904566607330058,2022-06-22-15-54-06,162.3702473640442,0.0,0.0
3.902973252195034,-0.21359677628785717,-1.2455140686577517,3.9926486451873022,0.002880277666715265,2022-06-22-15-54-08,164.50305128097534,0.0,0.0
3.9023160920004205,-0.2122824768443293,-1.257908612532061,3.9915194882724663,0.002852488698313993,2022-06-22-15-54-10,166.618994474411,0.0,0.0
3.9010017716221355,-0.2131039139963919,-1.2701168449944082,3.990401985597771,0.0028334989659679565,2022-06-22-15-54-12,168.73816323280334,0.0,0.0
3.901330351715339,-0.21277533913550997,-1.2819800090387403,3.9893157461601803,0.002802951174836681,2022-06-22-15-54-14,170.86626148223877,0.0,0.0
3.8995231612139993,-0.21425392601007703,-1.2937676288180706,3.9882339077873348,0.002790954058288522,2022-06-22-15-54-17,172.9864854812622,0.0,0.0
3.9000160313479943,-0.21425392601007703,-1.3052745909836072,3.9871836949725807,0.002763595916332647,2022-06-22-15-54-19,175.12111830711365,0.0,0.0
3.8993588711697895,-0.2131039139963919,-1.3163510715835904,3.986150461751371,0.002738814319413496,2022-06-22-15-54-21,177.250324010849,0.0,0.0
3.8982088408667033,-0.21540393802469562,-1.3274857040009338,3.9851278847643403,0.002720340086665505,2022-06-22-15-54-23,179.37147450447083,0.0,0.0
3.8973873906570446,-0.21063960254162276,-1.3377178436314965,3.9841193733378195,0.0026985137662401387,2022-06-22-15-54-25,181.49975967407227,0.0,0.0
3.897715970740225,-0.21261105170509748,-1.3479819218169762,3.98313751649012,0.0026715827016599125,2022-06-22-15-54-27,183.620187997818,0.0,0.0
3.895908780294003,-0.21523965059397854,-1.358364033783028,3.982157418330613,0.0026618704291269,2022-06-22-15-54-29,185.7578408718109,0.0,0.0
3.896237360373086,-0.21129675226247882,-1.367998212769375,3.9812027510199743,0.00263594498079308,2022-06-22-15-54-31,187.8916392326355,0.0,0.0
3.8942658799122456,-0.21343248885734975,-1.3776977333690041,3.9802474007880213,0.0026286431728815146,2022-06-22-15-54-34,189.98209476470947,0.0,0.0
3.8944301699493975,-0.21293962656594143,-1.3871231478900563,3.9793146048006447,0.0026018567257540186,2022-06-22-15-54-36,192.10318541526794,0.0,0.0
3.8942658799122456,-0.2111324648322365,-1.396116453502855,3.97840010238249,0.0025756463312529205,2022-06-22-15-54-38,194.22137427330017,0.0,0.0
3.8934444297298985,-0.2122824768443293,-1.4050628484507235,3.9774963186308674,0.0025569846700943485,2022-06-22-15-54-40,196.33782839775085,0.0,0.0
3.8929515596232194,-0.21277533913550997,-1.4138821479052384,3.976606373799208,0.002535257148374188,2022-06-22-15-54-42,198.50410652160645,0.0,0.0
3.892622979553238,-0.21540393802469562,-1.4228409740674248,3.975731546775812,0.0025122709288075973,2022-06-22-15-54-44,200.64017367362976,0.0,0.0
3.891801529382261,-0.21376106371838358,-1.4314151262181727,3.974866288864538,0.0024948397869742887,2022-06-22-15-54-46,202.75849866867065,0.0,0.0
3.8909800792169693,-0.21063960254162276,-1.4394382560716596,3.97401030713344,0.002477764382671407,2022-06-22-15-54-48,204.8779056072235,0.0,0.0
3.8914729493154625,-0.21261105170509748,-1.4475344022118823,3.97317659644841,0.002457714945457486,2022-06-22-15-54-51,207.006010055542,0.0,0.0
3.89015862905736,-0.20981816539097634,-1.4784500130865599,3.97089810724132,0.0024709909076605415,2022-06-22-15-54-53,209.13838934898376,0.0,0.0
3.8891728888733277,-0.20981816539097634,-1.5093656239612372,3.9686096610626738,0.0024809478792164235,2022-06-22-15-54-55,211.2578980922699,0.0,0.0
3.8878585686406737,-0.21458250087130123,-1.5411040838222851,3.9663013009280155,0.0024875858470959264,2022-06-22-15-54-57,213.3941252231598,0.0,0.0
3.8886800187843784,-0.21622537517856802,-1.5729796851923914,3.9639995787710336,0.002494223824772257,2022-06-22-15-54-59,215.5287322998047,0.0,0.0
3.887037118502646,-0.20965387796090346,-1.604326312168679,3.961676283166128,0.0025058402815302688,2022-06-22-15-55-01,217.63784408569336,0.0,0.0
3.8857227982936102,-0.21211818941397362,-1.6361823218442382,3.959336392602448,0.0025157972461703985,2022-06-22-15-55-03,219.75817918777466,0.0,0.0
3.8867085384490254,-0.20833957852099538,-1.6671567076235818,3.9569998210158697,0.00251911622327339,2022-06-22-15-55-05,221.8923375606537,0.0,0.0
3.88506563819454,-0.21458250087130123,-1.6990127173310792,3.9546516329728543,0.0025307326797123753,2022-06-22-15-55-08,224.00938510894775,0.0,0.0
3.884408478099101,-0.21195390198363687,-1.7303593443366334,3.9522951474505357,0.002535711161934642,2022-06-22-15-55-10,226.11612963676453,0.0,0.0
3.8834227379627495,-0.2167182374711214,-1.7623720872007755,3.9499121099716112,0.002529073147477668,2022-06-22-15-55-12,228.26533317565918,0.0,0.0
3.8832584479408183,-0.20965387796090346,-1.792993823457132,3.9475157965075,0.002519116152631994,2022-06-22-15-55-14,230.3841254711151,0.0,0.0
3.881944127773534,-0.21704681233291961,-1.8130360735140838,3.9455841425732237,0.0020544566227967214,2022-06-22-15-55-16,232.51689291000366,0.0,0.0
3.882601287855361,-0.21277533913550997,-1.8325885324887872,3.9437022735637726,0.002017947659220208,2022-06-22-15-55-18,234.6345992088318,0.0,0.0
3.881944127773534,-0.21063960254162276,-1.8517883418945602,3.941836999542979,0.002001352670563505,2022-06-22-15-55-20,236.75787162780762,0.0,0.0
3.8803012275848356,-0.21573251288618714,-1.8716150838810008,3.9399733850463172,0.0019996931464310343,2022-06-22-15-55-22,238.89431476593018,0.0,0.0
3.8806298076207617,-0.21014674025117847,-1.8908344849233931,3.9381213870287017,0.0019947146479101286,2022-06-22-15-55-25,241.0303394794464,0.0,0.0
3.8799726475498164,-0.2131039139963919,-1.9102889856938108,3.936266070026067,0.0019980336329284134,2022-06-22-15-55-27,243.1516592502594,0.0,0.0
3.8806298076207617,-0.2108038899718085,-1.9298806279315588,3.934430666985835,0.001991395631553805,2022-06-22-15-55-29,245.2758207321167,0.0,0.0
3.8788226174343876,-0.209982452821068,-1.9487669710662985,3.932580328494725,0.0020063310824325084,2022-06-22-15-55-31,247.3975396156311,0.0,0.0
3.8794797774989873,-0.21244676427470388,-1.9680059637732172,3.930744925472644,0.002004671574304246,2022-06-22-15-55-33,249.52933406829834,0.0,0.0
3.878001167358735,-0.209325303100814,-1.987264548090485,3.92889624649231,0.002017947532557828,2022-06-22-15-55-35,251.64320588111877,0.0,0.0
3.8766868472494713,-0.2144182134406796,-2.006895373648079,3.927034291551277,0.0020312234932574626,2022-06-22-15-55-37,253.76352667808533,0.0,0.0
3.8768511372623364,-0.20883244081082042,-2.0261931412434806,3.9251756556030277,0.00203122349063076,2022-06-22-15-55-39,255.88104152679443,0.0,0.0
3.8752082371438714,-0.2131039139963919,-2.045236217541549,3.9233054031971912,0.002042839948218245,2022-06-22-15-55-42,258.0041079521179,0.0,0.0
3.875865397188541,-0.2150753631632806,-2.0643380687841293,3.9214484267623773,0.002042839937695583,2022-06-22-15-55-44,260.13639402389526,0.0,0.0
3.8755368171657536,-0.21261105170509748,-2.084145219096832,3.919593109830487,0.0020411804347710413,2022-06-22-15-55-46,262.2542173862457,0.0,0.0
3.873893917065397,-0.2150753631632806,-2.103482170038078,3.917721197948089,0.002057775385279692,2022-06-22-15-55-48,264.3728013038635,0.0,0.0
3.8743867870931283,-0.2091610156707974,-2.1223293298816897,3.915849286057763,0.0020577753773545833,2022-06-22-15-55-50,266.50328731536865,0.0,0.0
3.8719224369748386,-0.21918254893648534,-2.142038522054942,3.9139524817420015,0.0020826678027918532,2022-06-22-15-55-52,268.61882734298706,0.0,0.0
3.8719224369748386,-0.21606108774775523,-2.162100363743055,3.9120623154169745,0.002076029812058367,2022-06-22-15-55-54,270.71552538871765,0.0,0.0
3.872086726981141,-0.21392535114892905,-2.181143440049361,3.9101704895915983,0.002074370311709574,2022-06-22-15-55-56,272.84028673171997,0.0,0.0
3.871100986946718,-0.209325303100814,-2.200147333026846,3.908277004284564,0.0020760297933673697,2022-06-22-15-55-59,274.99209451675415,0.0,0.0
3.8704438269282915,-0.209982452821068,-2.219014084520045,3.906373562002198,0.0020793487780039173,2022-06-22-15-56-01,277.123113155365,0.0,0.0
3.869293796904749,-0.21376106371838358,-2.238546951863269,3.9044618222502963,0.002087646247540625,2022-06-22-15-56-03,279.24134612083435,0.0,0.0
3.8696223769103453,-0.20965387796090346,-2.2382922605021336,3.90336323606843,0.0012811306574150355,2022-06-22-15-56-05,281.37738847732544,0.0,0.0
3.86912950690229,-0.21392535114892905,-2.2383118521453405,3.9023609006845748,0.0011848798594042257,2022-06-22-15-56-07,283.5092797279358,0.0,0.0
3.8676508968903263,-0.21047531511145584,-2.2379592025680806,3.901414988187804,0.0011284569723195895,2022-06-22-15-56-09,285.63210225105286,0.0,0.0
3.868308056893384,-0.2111324648322365,-2.237763286136269,3.900510563092006,0.001100245531004917,2022-06-22-15-56-11,287.7542657852173,0.0,0.0
3.867322316890152,-0.21425392601007703,-2.2379004276387024,3.8996393279274186,0.0010670555997938428,2022-06-22-15-56-13,289.8614718914032,0.0,0.0
3.8669937368908824,-0.2150753631632806,-2.238135527357229,3.8987846877266885,0.0010504606359373779,2022-06-22-15-56-15,291.9683623313904,0.0,0.0
3.867322316890152,-0.2150753631632806,-2.2388408265118325,3.897961577949751,0.0010255681919275259,2022-06-22-15-56-18,294.0873599052429,0.0,0.0
3.8656794169028363,-0.21277533913550997,-2.2391151095163053,3.8971484251606205,0.0010156112041201364,2022-06-22-15-56-20,296.2479181289673,0.0,0.0
3.865350836908083,-0.2111324648322365,-2.2393306175910377,3.8963435698539706,0.001007313721639955,2022-06-22-15-56-22,298.3641941547394,0.0,0.0
3.8643650969292405,-0.20948959053084934,-2.239624492237998,3.8955586285061514,0.0009873997628083663,2022-06-22-15-56-24,300.5000729560852,0.0,0.0
3.8643650969292405,-0.2109681774020131,-2.2393306175902303,3.8947969201020576,0.0009641668190847487,2022-06-22-15-56-26,302.6186697483063,0.0,0.0
3.863215066964194,-0.21458250087130123,-2.2399379585288814,3.8940385306972503,0.0009608478197965318,2022-06-22-15-56-28,304.75937509536743,0.0,0.0
3.8628864869762114,-0.20883244081082042,-2.2399183668857416,3.8933100122210624,0.0009309768911779314,2022-06-22-15-56-30,306.8660283088684,0.0,0.0
3.861572167033305,-0.2149110757326017,-2.240094691674647,3.892576515265309,0.0009359553707433334,2022-06-22-15-56-33,309.00188398361206,0.0,0.0
3.861572167033305,-0.2089967282407995,-2.239781225384109,3.891854634780694,0.0009243388996054618,2022-06-22-15-56-35,311.10794138908386,0.0,0.0
3.860750717076319,-0.20817529109109112,-2.23901715130035,3.8911427112761805,0.0009143819195030517,2022-06-22-15-56-37,313.2279095649719,0.0,0.0
3.860422137095103,-0.21277533913550997,-2.2392522510184967,3.890435766261145,0.0009094034300253947,2022-06-22-15-56-39,315.3502871990204,0.0,0.0
3.8587792372025502,-0.21523965059397854,-2.239546125666638,3.88972716176009,0.0009110629160447295,2022-06-22-15-56-41,317.4790406227112,0.0,0.0
3.8594363971568666,-0.21063960254162276,-2.239389392521261,3.889035152213194,0.000907743920558764,2022-06-22-15-56-43,319.59151577949524,0.0,0.0
3.859107817179258,-0.21014674025117847,-2.2394873507370145,3.8883564186344777,0.000894467952379537,2022-06-22-15-56-45,321.69713282585144,0.0,0.0
3.8586149472145346,-0.21523965059397854,-2.239937958530623,3.887685982537384,0.0008861704707569187,2022-06-22-15-56-47,323.80431509017944,0.0,0.0
3.8584506572267445,-0.209325303100814,-2.240133874961963,3.8870321413986297,0.0008695755124173382,2022-06-22-15-56-49,325.93923926353455,0.0,0.0
3.857300627318522,-0.21573251288618714,-2.2402906081077565,3.8863816192576293,0.0008662565146640999,2022-06-22-15-56-52,328.05921268463135,0.0,0.0
3.856643467375922,-0.21704681233291961,-2.240819582474718,3.8857277781288233,0.0008695755024693766,2022-06-22-15-56-54,330.22022771835327,0.0,0.0
3.85565772746878,-0.21293962656594143,-2.240799990831522,3.8850706180140557,0.0008728944884303461,2022-06-22-15-56-56,332.3310766220093,0.0,0.0
3.8558220174527413,-0.2131039139963919,-2.240976315620203,3.8844200958811497,0.0008695754961435993,2022-06-22-15-56-58,334.4524302482605,0.0,0.0
3.85500056753519,-0.21211818941397362,-2.2406628493289795,3.883786168709389,0.0008529805349993891,2022-06-22-15-57-00,336.58865761756897,0.0,0.0
3.8546719875697453,-0.21162532712302004,-2.24066284932898,3.883158879521955,0.0008463425506714814,2022-06-22-15-57-02,338.7413055896759,0.0,0.0
3.8531933777363867,-0.2131039139963919,-2.2405257078265457,3.8825216333685675,0.0008562995166259673,2022-06-22-15-57-04,340.87494254112244,0.0,0.0
3.852864797775894,-0.211789614553319,-2.240408157967432,3.8818893657038127,0.0008513210279925866,2022-06-22-15-57-07,343.01352882385254,0.0,0.0
3.853029087756028,-0.2144182134406796,-2.2410742738354386,3.8812537790469346,0.000848002035868363,2022-06-22-15-57-09,345.1330394744873,0.0,0.0
3.852207637857609,-0.21474678830194194,-2.2416228398447,3.8806331278548964,0.0008330665710267637,2022-06-22-15-57-11,347.26358246803284,0.0,0.0
3.850893318031836,-0.21343248885734975,-2.241564064915085,3.8800124766697133,0.0008330665641729868,2022-06-22-15-57-13,349.3678286075592,0.0,0.0
3.851386187964814,-0.21425392601007703,-2.2418383479198423,3.8794017824554214,0.0008330665616238788,2022-06-22-15-57-15,351.48886036872864,0.0,0.0
3.8502361581243476,-0.21819682434981927,-2.24199508106591,3.8787827907692307,0.0008413640335233748,2022-06-22-15-57-17,353.626873254776,0.0,0.0
3.8502361581243476,-0.21523965059397854,-2.2424848721458623,3.8781720965608377,0.0008330665557249612,2022-06-22-15-57-19,355.74747681617737,0.0,0.0
3.8489218383201624,-0.21146103969274,-2.242386913929962,3.877558083368109,0.0008363855400610532,2022-06-22-15-57-21,357.89853167533875,0.0,0.0
3.84925041826986,-0.21277533913550997,-2.242269364070767,3.8769706221021063,0.0008164715921170786,2022-06-22-15-57-24,360.0332193374634,0.0,0.0
3.8485932583713645,-0.211789614553319,-2.2425044637887517,3.8763732038663106,0.0008197905798696028,2022-06-22-15-57-26,362.15152287483215,0.0,0.0
3.8474432285576503,-0.21376106371838358,-2.242582830361558,3.8757807641227595,0.0008148120876258171,2022-06-22-15-57-28,364.27192425727844,0.0,0.0
3.8489218383201624,-0.21129675226247882,-2.242719971863707,3.8752016003358642,0.0008280880442819161,2022-06-22-15-57-30,366.3941683769226,0.0,0.0
3.8476075185303635,-0.21195390198363687,-2.242269364069943,3.8746257555462975,0.0008247690469535277,2022-06-22-15-57-32,368.5335042476654,0.0,0.0
3.845964618813338,-0.21606108774775523,-2.242680788577436,3.874039953791949,0.0008347260117342365,2022-06-22-15-57-34,370.6727476119995,0.0,0.0
3.846293198754946,-0.21063960254162276,-2.2423085473569304,3.8734574710269105,0.00083804500104341,2022-06-22-15-57-36,372.7782576084137,0.0,0.0
3.846293198754946,-0.21343248885734975,-2.2422889557137275,3.8728849452345866,0.0008280880283286482,2022-06-22-15-57-38,374.86696219444275,0.0,0.0
3.8453074589328167,-0.2131039139963919,-2.242386913929684,3.8723091004561265,0.000831407014465172,2022-06-22-15-57-41,376.9849603176117,0.0,0.0
3.844486009087218,-0.2131039139963919,-2.242386913929684,3.871738234167895,0.0008264285242360174,2022-06-22-15-57-43,379.09375166893005,0.0,0.0
3.844486009087218,-0.21359677628785717,-2.242484872145674,3.871164048888823,0.0008231095333955795,2022-06-22-15-57-45,381.2189130783081,0.0,0.0
3.8436645592472316,-0.2150753631632806,-2.242582830361767,3.870599820586129,0.0008131525570182749,2022-06-22-15-57-47,383.3598585128784,0.0,0.0
3.8436645592472316,-0.21261105170509748,-2.2423869139297516,3.870030613797233,0.000808174070816305,2022-06-22-15-57-49,385.4984121322632,0.0,0.0
3.843335979312809,-0.21031102768130777,-2.2420538559957297,3.8694647260006976,0.0008048550784548705,2022-06-22-15-57-51,387.58885645866394,0.0,0.0
3.843007399379283,-0.2167182374711214,-2.242210589141633,3.8689071356826426,0.0007965575999744614,2022-06-22-15-57-53,389.70931696891785,0.0,0.0
3.8418573696190133,-0.211789614553319,-2.2423477306438304,3.868346226379227,0.0007998765853341702,2022-06-22-15-57-55,391.8318672180176,0.0,0.0
3.840871629833246,-0.21162532712302004,-2.24223018078473,3.867772041117541,0.0008065145621279789,2022-06-22-15-57-57,393.94474267959595,0.0,0.0
3.840707339869737,-0.21392535114892905,-2.2420734476389907,3.8672144508102244,0.0007899196077571429,2022-06-22-15-58-00,396.0463914871216,0.0,0.0
3.840378759943391,-0.21063960254162276,-2.2419950810663205,3.8666502225230563,0.0007899196062143411,2022-06-22-15-58-02,398.20243430137634,0.0,0.0
3.83972160009339,-0.21211818941397362,-2.241838347920781,3.8660992702016537,0.0007766436404482858,2022-06-22-15-58-04,400.3188271522522,0.0,0.0
3.838735860325115,-0.2131039139963919,-2.241857939563977,3.8655367014175703,0.0007849411124798332,2022-06-22-15-58-06,402.41895866394043,0.0,0.0
3.8380787004840826,-0.21425392601007703,-2.2422301807846114,3.864969154150619,0.0007899195953473122,2022-06-22-15-58-08,404.5214021205902,0.0,0.0
3.8382429904440043,-0.2144182134406796,-2.2424848721462154,3.8644115638548024,0.0007832816133026106,2022-06-22-15-58-10,406.64106941223145,0.0,0.0
3.8384072804041507,-0.2150753631632806,-2.2427591551511314,3.8638606115394585,0.0007799626219234925,2022-06-22-15-58-12,408.7647120952606,0.0,0.0
3.8377501205649107,-0.20981816539097634,-2.242093039282665,3.8633063402365457,0.0007832816094917599,2022-06-22-15-58-14,410.88535141944885,0.0,0.0
3.8370929607292563,-0.21014674025117847,-2.2416620231326796,3.8627537284319704,0.0007816221111551713,2022-06-22-15-58-17,412.9765872955322,0.0,0.0
3.836435800897187,-0.20965387796090346,-2.2415444732737413,3.8622027761257094,0.0007799626128397912,2022-06-22-15-58-19,415.0797336101532,0.0,0.0
3.8359429310254876,-0.21721109976384756,-2.2420930392839558,3.8616418668500527,0.0007799626105489457,2022-06-22-15-58-21,417.1757929325104,0.0,0.0
3.8361072209824965,-0.21063960254162276,-2.242190997499743,3.861095893031116,0.0007683461428611315,2022-06-22-15-58-23,419.2827818393707,0.0,0.0
3.8354500611558042,-0.2109681774020131,-2.2423281390018612,3.8605532382056866,0.0007650271493526459,2022-06-22-15-58-25,421.3652627468109,0.0,0.0
3.834135741513169,-0.21606108774775523,-2.2425044637909095,3.860010583386217,0.000765027143392861,2022-06-22-15-58-27,423.46797037124634,0.0,0.0
3.8346286113774775,-0.2122824768443293,-2.242034264353802,3.859464609574026,0.0007617081506716873,2022-06-22-15-58-29,425.591525554657,0.0,0.0
3.8333142917437986,-0.21786824948775166,-2.2430138465141076,3.85892195475828,0.0007583891542267045,2022-06-22-15-58-31,427.7127408981323,0.0,0.0
3.832492841980024,-0.2111324648322365,-2.242896296655047,3.8583842784318803,0.0007534106648806279,2022-06-22-15-58-33,429.85508823394775,0.0,0.0
3.8313428123201394,-0.21326820142686134,-2.243484045950009,3.8578250286730027,0.0007550701548247649,2022-06-22-15-58-36,431.9813539981842,0.0,0.0
3.8313428123201394,-0.21359677628785717,-2.2433664960907462,3.85728237386619,0.0007384752027592543,2022-06-22-15-58-38,434.08268690109253,0.0,0.0
3.831999972124445,-0.21556822545543183,-2.243797512241279,3.856752995017961,0.0007384751998185136,2022-06-22-15-58-40,436.2042875289917,0.0,0.0
3.830849942469259,-0.20883244081082042,-2.242857113368038,3.8562219566796427,0.0007401346899077555,2022-06-22-15-58-42,438.32074880599976,0.0,0.0
3.8305213625697903,-0.21211818941397362,-2.243150988015535,3.855689258847612,0.0007417941836202541,2022-06-22-15-58-44,440.4328410625458,0.0,0.0
3.830685652519412,-0.20981816539097634,-2.2422889557146672,3.8551714964713084,0.0007301777167751776,2022-06-22-15-58-46,442.5449471473694,0.0,0.0
3.8296999128250335,-0.21277533913550997,-2.242288955714667,3.8546371391477696,0.0007334967027605452,2022-06-22-15-58-48,444.6571593284607,0.0,0.0
3.8295356228767528,-0.21556822545543183,-2.242876705010576,3.854107760310428,0.0007285182165631059,2022-06-22-15-58-50,446.7756824493408,0.0,0.0
3.827892723406245,-0.2122824768443293,-2.242465280503178,3.8535783814803413,0.0007285182093086575,2022-06-22-15-58-52,448.8679909706116,0.0,0.0
3.8283855932450495,-0.21589680031696162,-2.243150988015033,3.8530506621432123,0.0007301777022670253,2022-06-22-15-58-55,450.9894118309021,0.0,0.0
3.8287141731387044,-0.21063960254162276,-2.2428571133673336,3.8525328997754227,0.0007268587105772242,2022-06-22-15-58-57,453.14386439323425,0.0,0.0
3.827399853569452,-0.20965387796090346,-2.242719971865231,3.851995223471874,0.0007334966853076015,2022-06-22-15-58-59,455.2849397659302,0.0,0.0
3.82690698373467,-0.21770396205674677,-2.243640779095971,3.8514708231314723,0.0007202207221602057,2022-06-22-15-59-01,457.42117977142334,0.0,0.0
3.8255926641850824,-0.21573251288618714,-2.2440326119601814,3.8509265088555744,0.000726858696756042,2022-06-22-15-59-03,459.55879402160645,0.0,0.0
3.82690698373467,-0.21721109976384756,-2.2449730108337485,3.8504104059906843,0.000725199195840237,2022-06-22-15-59-05,461.6791732311249,0.0,0.0
3.8242783446497923,-0.21573251288618714,-2.245129743979541,3.8498810271765467,0.0007384751450888606,2022-06-22-15-59-07,463.8038513660431,0.0,0.0
3.824442634590922,-0.21277533913550997,-2.24559994341551,3.849351648361684,0.0007384751443642595,2022-06-22-15-59-09,465.94153356552124,0.0,0.0
3.8242783446497923,-0.21474678830194194,-2.245795859847593,3.848837205003157,0.0007235396880275382,2022-06-22-15-59-12,468.0621089935303,0.0,0.0
3.822964025128792,-0.209982452821068,-2.245188518908732,3.8483028477096237,0.0007301776625359293,2022-06-22-15-59-14,470.1891887187958,0.0,0.0
3.8239497647682024,-0.20817529109109112,-2.2446595445434188,3.8477817663722753,0.0007368156384614134,2022-06-22-15-59-16,472.30982279777527,0.0,0.0
3.823621184887506,-0.21392535114892905,-2.244522403040905,3.847273960996741,0.0007235396766466666,2022-06-22-15-59-18,474.43031191825867,0.0,0.0
3.8214854156847435,-0.21589680031696162,-2.245325660411657,3.846739603709787,0.0007401346178085984,2022-06-22-15-59-20,476.5392577648163,0.0,0.0
3.8224711553121007,-0.21014674025117847,-2.244248120034633,3.8462400958142027,0.000725199158304229,2022-06-22-15-59-22,478.6615114212036,0.0,0.0
3.8208282559376348,-0.21721109976384756,-2.244385261537354,3.8457239929754437,0.0007417941014806526,2022-06-22-15-59-24,480.7997131347656,0.0,0.0
3.820663966001416,-0.21523965059397854,-2.2445419946830922,3.8452045711473652,0.0007417941007727385,2022-06-22-15-59-26,482.9378561973572,0.0,0.0
3.819842516323665,-0.21326820142686134,-2.2450121941192234,3.8446868088178396,0.0007401346022204929,2022-06-22-15-59-29,485.0678770542145,0.0,0.0
3.8195139364541255,-0.21277533913550997,-2.2453452520531685,3.844172365479717,0.0007368156108175958,2022-06-22-15-59-31,487.2071924209595,0.0,0.0
3.820171096194096,-0.21343248885734975,-2.245306068766761,3.8436761765836494,0.0007318371231047492,2022-06-22-15-59-33,489.34463572502136,0.0,0.0
3.8191853565854785,-0.2122824768443293,-2.245619535057443,3.843166711731883,0.0007384750988928439,2022-06-22-15-59-35,491.45249462127686,0.0,0.0
3.818199616984889,-0.21293962656594143,-2.2455019851982336,3.842652268399384,0.0007434535796255142,2022-06-22-15-59-37,493.56157970428467,0.0,0.0
3.8185281968508606,-0.21786824948775166,-2.2463836091427636,3.8421560795100955,0.0007318371135043838,2022-06-22-15-59-39,495.668016910553,0.0,0.0
3.8177067471876045,-0.21376106371838358,-2.24669707543377,3.8416449551696332,0.0007334966050215387,2022-06-22-15-59-41,497.79545426368713,0.0,0.0
3.817378167323862,-0.21540393802469562,-2.2468342169363154,3.841140468810378,0.0007268586238145732,2022-06-22-15-59-43,499.8967978954315,0.0,0.0
3.817542457255622,-0.21359677628785717,-2.2466578921473896,3.840640960935275,0.0007251991281831606,2022-06-22-15-59-46,502.01906299591064,0.0,0.0
3.8163924277379846,-0.21786824948775166,-2.246990950082531,3.8401265176105053,0.0007334965980656617,2022-06-22-15-59-48,504.1448576450348,0.0,0.0
3.8150781083026257,-0.21655395004025108,-2.2474415578765568,3.83961539328121,0.0007301776025913502,2022-06-22-15-59-50,506.2712905406952,0.0,0.0
3.815242398231266,-0.2144182134406796,-2.247833390740405,3.839109247435989,0.0007285181069740498,2022-06-22-15-59-52,508.4217345714569,0.0,0.0
3.815735268018523,-0.21162532712302004,-2.248088082101511,3.8386180370429512,0.0007235396201903545,2022-06-22-15-59-54,510.5325996875763,0.0,0.0
3.8144209485902927,-0.21146103969274,-2.2481468570310237,3.838113550696093,0.0007368155740108631,2022-06-22-15-59-56,512.6732819080353,0.0,0.0
3.8142566586627664,-0.21540393802469562,-2.2482448152471393,3.837619021319311,0.0007268586039349018,2022-06-22-15-59-58,514.8230593204498,0.0,0.0
3.813599498954887,-0.21392535114892905,-2.24885215618551,3.837121172955459,0.0007301775910045648,2022-06-22-16-00-00,516.9528226852417,0.0,0.0
3.8129423392505704,-0.21392535114892905,-2.24873460632622,3.836629962573816,0.0007235396087965909,2022-06-22-16-00-03,519.0737438201904,0.0,0.0
3.812778049325048,-0.21786824948775166,-2.249792555059106,3.8361370926979754,0.0007251991029937881,2022-06-22-16-00-05,521.1945331096649,0.0,0.0
3.811792309776587,-0.21359677628785717,-2.2504390792836015,3.8356425633313114,0.0007268585938167642,2022-06-22-16-00-07,523.3339338302612,0.0,0.0
3.8111351500820643,-0.2140896385794935,-2.2505958124292125,3.835144714977645,0.0007301775808198633,2022-06-22-16-00-09,525.4684159755707,0.0,0.0
3.811792309776587,-0.2109681774020131,-2.2500864297060916,3.8346700995491005,0.0007202206091225905,2022-06-22-16-00-11,527.5788547992706,0.0,0.0
3.8096565407824037,-0.21474678830194194,-2.250576220785874,3.8341672727170346,0.0007351560539697327,2022-06-22-16-00-13,529.7015361785889,0.0,0.0
3.8104779903911017,-0.2150753631632806,-2.2511639700815795,3.833676062345437,0.0007401345350918468,2022-06-22-16-00-15,531.8216152191162,0.0,0.0
3.809820830703699,-0.21737538719479468,-2.251418661443717,3.8331831924816915,0.0007417940272401242,2022-06-22-16-00-17,533.9685242176056,0.0,0.0
3.809820830703699,-0.2140896385794935,-2.2519868190958716,3.832691982112772,0.000740134532413962,2022-06-22-16-00-20,536.0910224914551,0.0,0.0
3.809492250861332,-0.21622537517856802,-2.2520455940255824,3.832209069219265,0.0007318370570012808,2022-06-22-16-00-22,538.2120268344879,0.0,0.0
3.809820830703699,-0.21376106371838358,-2.2516537611610077,3.8317361132932835,0.000728518066089838,2022-06-22-16-00-24,540.3263437747955,0.0,0.0
3.8085065113395684,-0.21573251288618714,-2.2519868190956447,3.8312598383828873,0.0007318370505038655,2022-06-22-16-00-26,542.4435698986053,0.0,0.0
3.8073564819076284,-0.21392535114892905,-2.2520847773116572,3.8307702875187952,0.0007417940146248641,2022-06-22-16-00-28,544.5779228210449,0.0,0.0
3.807027902071932,-0.21458250087130123,-2.252378651959662,3.8302857151403784,0.0007368155289495616,2022-06-22-16-00-30,546.6923217773438,0.0,0.0
3.8076850617442144,-0.21063960254162276,-2.2522611021006433,3.8298110997279995,0.0007401345158873166,2022-06-22-16-00-32,548.8026134967804,0.0,0.0
3.806042162570176,-0.21244676427470388,-2.2521827355278736,3.829334824827331,0.0007417940041770105,2022-06-22-16-00-34,550.9188294410706,0.0,0.0
3.8062064524865797,-0.2150753631632806,-2.2525745683919034,3.8288635284102677,0.0007401345087821719,2022-06-22-16-00-37,553.04106092453,0.0,0.0
3.805713582738036,-0.21047531511145584,-2.2521043689553935,3.828385594016146,0.0007434534963418672,2022-06-22-16-00-39,555.1556704044342,0.0,0.0
3.8055492928222985,-0.21376106371838358,-2.251986819096117,3.8279142976016485,0.0007368155167188199,2022-06-22-16-00-41,557.2627766132355,0.0,0.0
3.8040706835906617,-0.21458250087130123,-2.2521239605985826,3.827441341698202,0.000738475005666941,2022-06-22-16-00-43,559.4063439369202,0.0,0.0
3.8048921331615717,-0.21523965059397854,-2.2522415104579006,3.8269717047809975,0.0007417939919086783,2022-06-22-16-00-45,561.528397321701,0.0,0.0
3.802920654200715,-0.2131039139963919,-2.2516341695177022,3.8264937703979296,0.0007500914577712075,2022-06-22-16-00-47,563.6209862232208,0.0,0.0
3.8030849441128978,-0.21803253691877583,-2.2519672274528824,3.8260174955089257,0.0007517509518336618,2022-06-22-16-00-49,565.7313094139099,0.0,0.0
3.8032492340253032,-0.2168825249020109,-2.2526137516788687,3.8255561560716043,0.0007401344882803315,2022-06-22-16-00-51,567.8528051376343,0.0,0.0
3.8017706248216463,-0.21162532712302004,-2.252476610176578,3.8250765621983898,0.0007517509453910309,2022-06-22-16-00-53,569.9717473983765,0.0,0.0
3.8011134651813476,-0.21589680031696162,-2.2529664012567565,3.824596968327784,0.0007517509427829802,2022-06-22-16-00-56,572.1110196113586,0.0,0.0
3.8012777550910894,-0.21326820142686134,-2.2529076263271484,3.8241306504139794,0.0007417939740559869,2022-06-22-16-00-58,574.2180135250092,0.0,0.0
3.8004563055445995,-0.21244676427470388,-2.253044767829408,3.823641099577863,0.0007351559920759654,2022-06-22-16-01-00,576.3353650569916,0.0,0.0
3.8004563055445995,-0.21014674025117847,-2.2528292597545523,3.8231648246992194,0.0007218800346032492,2022-06-22-16-01-02,578.4731359481812,0.0,0.0
3.7994705660961325,-0.21359677628785717,-2.25253538510624,3.8226951878030864,0.0007152420520925545,2022-06-22-16-01-04,580.5764334201813,0.0,0.0
3.7994705660961325,-0.21326820142686134,-2.2528488513971383,3.8222222319176433,0.000711923062783381,2022-06-22-16-01-06,582.7066729068756,0.0,0.0
3.799141986281752,-0.21523965059397854,-2.2530643594724915,3.8217459570441776,0.0007152420508074276,2022-06-22-16-01-08,584.8291153907776,0.0,0.0
3.7983205367496806,-0.21359677628785717,-2.253123134402093,3.8212713416685897,0.0007135825529280534,2022-06-22-16-01-10,586.9371054172516,0.0,0.0
3.7971705074140947,-0.21376106371838358,-2.2532015009748982,3.820793407308255,0.000716901537675399,2022-06-22-16-01-13,589.0441246032715,0.0,0.0
3.7989776963748945,-0.21474678830194194,-2.25333864247738,3.8203337273818674,0.0007351559716228716,2022-06-22-16-01-15,591.1625108718872,0.0,0.0
3.7966776377021683,-0.2122824768443293,-2.253005584542897,3.819859112012725,0.0007500914143778199,2022-06-22-16-01-17,593.2827270030975,0.0,0.0
3.7951990285783577,-0.21458250087130123,-2.253240684261342,3.819369561197888,0.0007650268600728763,2022-06-22-16-01-19,595.3977706432343,0.0,0.0
3.794706158874409,-0.2140896385794935,-2.2536912920545857,3.81887835089043,0.0007666863526943509,2022-06-22-16-01-21,597.533775806427,0.0,0.0
3.7951990285783577,-0.21261105170509748,-2.253201500974123,3.8183954380540563,0.0007683458453248866,2022-06-22-16-01-23,599.6843206882477,0.0,0.0
3.79503473867682,-0.2150753631632806,-2.2535933338381526,3.817922482185953,0.0007583888770548657,2022-06-22-16-01-25,601.7779335975647,0.0,0.0
3.79503473867682,-0.21737538719479468,-2.254279041350722,3.8174594832853828,0.0007484319095218625,2022-06-22-16-01-27,603.8988497257233,0.0,0.0
3.7930632598756446,-0.21868968664306537,-2.25484719900472,3.816978229952109,0.0007666863422255623,2022-06-22-16-01-30,606.0168898105621,0.0,0.0
3.794048999272245,-0.2150753631632806,-2.2553761733709465,3.816510252571592,0.0007733243166725794,2022-06-22-16-01-32,608.1362428665161,0.0,0.0
3.7927346800785493,-0.21704681233291961,-2.255963922667468,3.8160356372179076,0.0007799622898412116,2022-06-22-16-01-34,610.2818648815155,0.0,0.0
3.7925703901803334,-0.21293962656594143,-2.255944331024273,3.815569319337657,0.0007716648164062705,2022-06-22-16-01-36,612.4098489284515,0.0,0.0
3.793556129572949,-0.2131039139963919,-2.2558071895218386,3.8151195963991604,0.0007749838017757986,2022-06-22-16-01-38,614.5261011123657,0.0,0.0
3.792406100282339,-0.21458250087130123,-2.2558267811650548,3.814656597508639,0.0007849407647120434,2022-06-22-16-01-40,616.6586449146271,0.0,0.0
3.791584650795689,-0.21474678830194194,-2.255787597878611,3.814183641654008,0.0007915787397272299,2022-06-22-16-01-42,618.7757740020752,0.0,0.0
3.790763201314572,-0.21737538719479468,-2.256688813465987,3.8137090263080453,0.0007932382310593251,2022-06-22-16-01-44,620.9298479557037,0.0,0.0
3.7904346215236746,-0.219511123798862,-2.2578055371295793,3.8132377299524336,0.0007899192407082421,2022-06-22-16-01-47,623.0517470836639,0.0,0.0
3.7894488821562913,-0.2140896385794935,-2.2583345114954394,3.812763114611616,0.0007932382259134347,2022-06-22-16-01-49,625.1852777004242,0.0,0.0
3.7897774619445346,-0.2108038899718085,-2.2575704374102705,3.8122967967421113,0.0007915787301209479,2022-06-22-16-01-51,627.2911746501923,0.0,0.0
3.7904346215236746,-0.21737538719479468,-2.2583736947818593,3.811835457353639,0.0007965572111525754,2022-06-22-16-01-53,629.4353497028351,0.0,0.0
3.788956012475586,-0.21244676427470388,-2.258550019570458,3.811365820498283,0.000804854678035366,2022-06-22-16-01-55,631.5415015220642,0.0,0.0
3.788134563012168,-0.21146103969274,-2.2580014535606905,3.810901162129586,0.0007998761913766077,2022-06-22-16-01-57,633.6585419178009,0.0,0.0
3.788463142796872,-0.2168825249020109,-2.258550019570777,3.810434844265136,0.0007982166956230258,2022-06-22-16-01-59,635.7779660224915,0.0,0.0
3.788134563012168,-0.2149110757326017,-2.258197369992413,3.8099784833688575,0.0007882597274515613,2022-06-22-16-02-01,637.8937222957611,0.0,0.0
3.7863273742121057,-0.21622537517856802,-2.258804710931765,3.809512165512615,0.0007982166874140636,2022-06-22-16-02-04,640.0146117210388,0.0,0.0
3.786491664101915,-0.2111324648322365,-2.2585500195703663,3.809059123611421,0.0007882597200395644,2022-06-22-16-02-06,642.1338560581207,0.0,0.0
3.784848765213765,-0.21162532712302004,-2.2583149198520847,3.8085894867719627,0.0008048546583037064,2022-06-22-16-02-08,644.2713158130646,0.0,0.0
3.78599879443315,-0.21540393802469562,-2.2582953282088547,3.808124828411445,0.0008098331372439026,2022-06-22-16-02-10,646.3937723636627,0.0,0.0
3.7855059247663734,-0.21211818941397362,-2.2586871610720727,3.8076668080306075,0.0008031951575629981,2022-06-22-16-02-12,648.5132801532745,0.0,0.0
3.786163084322517,-0.21031102768130777,-2.258471652997191,3.8072187446139685,0.0008065141439940609,2022-06-22-16-02-14,650.6364793777466,0.0,0.0
3.784191605664692,-0.21326820142686134,-2.2588830775038766,3.806749107777052,0.0008247685753900525,2022-06-22-16-02-16,652.7546670436859,0.0,0.0
3.783863025891481,-0.21244676427470388,-2.258843894217496,3.8062861089191378,0.0008181305963883579,2022-06-22-16-02-18,654.8902487754822,0.0,0.0
3.784355895551629,-0.211789614553319,-2.258393286423784,3.805829748037066,0.0008214495833769141,2022-06-22-16-02-21,657.0278000831604,0.0,0.0
3.7833701562333206,-0.21063960254162276,-2.2581973699920406,3.80538002513633,0.0008148116020415665,2022-06-22-16-02-23,659.132506608963,0.0,0.0
3.781891547270764,-0.2149110757326017,-2.258079820132668,3.804910388308307,0.0008247685628875462,2022-06-22-16-02-25,661.2441680431366,0.0,0.0
3.783863025891481,-0.21047531511145584,-2.258060228489507,3.804457346416921,0.0008413634995245363,2022-06-22-16-02-27,663.3742644786835,0.0,0.0
3.7817272573871397,-0.21704681233291961,-2.258941852433525,3.8039960070615444,0.0008496609635153328,2022-06-22-16-02-29,665.4923341274261,0.0,0.0
3.7807415180900272,-0.21392535114892905,-2.258491244639133,3.8035296892267505,0.0008546394429328126,2022-06-22-16-02-31,667.6174938678741,0.0,0.0
3.780084358563034,-0.2144182134406796,-2.2583345114933393,3.803070009371983,0.0008480014629066087,2022-06-22-16-02-33,669.7227914333344,0.0,0.0
3.7804129383260894,-0.21277533913550997,-2.2578055371263166,3.802600372549674,0.0008380444953658809,2022-06-22-16-02-35,671.8406536579132,0.0,0.0
3.7799200686818364,-0.2109681774020131,-2.257237379473506,3.802152309156059,0.0008164710666727037,2022-06-22-16-02-37,673.9678773880005,0.0,0.0
3.7795914889201043,-0.21425392601007703,-2.257413704262329,3.8016992672805965,0.0008181305598101023,2022-06-22-16-02-40,676.0853028297424,0.0,0.0
3.7787700395196353,-0.2131039139963919,-2.257217787830246,3.8012395874307967,0.000824768534146864,2022-06-22-16-02-42,678.2028377056122,0.0,0.0
3.779262909159255,-0.2150753631632806,-2.2578251287691073,3.8007981620169633,0.0008164710605975678,2022-06-22-16-02-44,680.3379130363464,0.0,0.0
3.778441459760992,-0.21195390198363687,-2.258275736561679,3.8003384821684056,0.0008148115632122451,2022-06-22-16-02-46,682.4527571201324,0.0,0.0
3.7786057496402035,-0.21392535114892905,-2.258275736561679,3.7998837808022707,0.0008131520682477513,2022-06-22-16-02-48,684.5668346881866,0.0,0.0
3.7772914306126864,-0.2111324648322365,-2.257707578908803,3.7994373769126546,0.0008048545917301224,2022-06-22-16-02-50,686.6835973262787,0.0,0.0
3.7761414014751837,-0.21261105170509748,-2.258001453556401,3.7989693996011704,0.0008065140817315918,2022-06-22-16-02-52,688.80166888237,0.0,0.0
3.7759771115992793,-0.21359677628785717,-2.2575704374053682,3.7985163577391665,0.0007915786322511727,2022-06-22-16-02-54,690.9280731678009,0.0,0.0
3.7761414014751837,-0.21129675226247882,-2.257100237968587,3.7980666348651635,0.0007915786316419362,2022-06-22-16-02-57,693.0408532619476,0.0,0.0
3.7756485318481317,-0.21392535114892905,-2.257178604541402,3.7976202309815728,0.0007882596412308382,2022-06-22-16-02-59,695.1914374828339,0.0,0.0
3.7759771115992793,-0.2149110757326017,-2.2574332959030947,3.797180465073948,0.0007882596400349598,2022-06-22-16-03-01,697.3091819286346,0.0,0.0
3.7753199520978655,-0.21573251288618714,-2.2577075789081373,3.796727423214389,0.0007882596376252959,2022-06-22-16-03-03,699.4244153499603,0.0,0.0
3.773841343232576,-0.21261105170509748,-2.257746762194513,3.796269402877491,0.0007932381149654162,2022-06-22-16-03-05,701.518381357193,0.0,0.0
3.7748270824741197,-0.2131039139963919,-2.2577663538377095,3.7958312964682914,0.0007932381113386877,2022-06-22-16-03-07,703.6360931396484,0.0,0.0
3.774662792599978,-0.2111324648322365,-2.256963096465842,3.7953882115768685,0.0007915786164717186,2022-06-22-16-03-09,705.7842831611633,0.0,0.0
3.773841343232576,-0.209982452821068,-2.2565124886727013,3.794945126688434,0.0007915786134832898,2022-06-22-16-03-11,707.89528465271,0.0,0.0
3.7717055749030988,-0.21146103969274,-2.2560422892358662,3.794483787371052,0.0008098330424301071,2022-06-22-16-03-14,710.0317533016205,0.0,0.0
3.772691314127464,-0.2150753631632806,-2.2562186140247915,3.7940307455212725,0.0008181305100321831,2022-06-22-16-03-16,712.1453588008881,0.0,0.0
3.77219844451429,-0.2150753631632806,-2.2558855560896505,3.793584341650326,0.00081149253119922,2022-06-22-16-03-18,714.2779026031494,0.0,0.0
3.7710484154245916,-0.2150753631632806,-2.2557092313005405,3.793139597277821,0.0008098330327582074,2022-06-22-16-03-20,716.4280037879944,0.0,0.0
3.7717055749030988,-0.21261105170509748,-2.2554937232253116,3.7926998313856166,0.0008148115130598915,2022-06-22-16-03-22,718.561304807663,0.0,0.0
3.7710484154245916,-0.2149110757326017,-2.2558855560892956,3.7922484490361827,0.0008164710048907033,2022-06-22-16-03-24,720.6781265735626,0.0,0.0
3.770555545818022,-0.2089967282407995,-2.255591681441934,3.7918053641596954,0.0008081735319446327,2022-06-22-16-03-26,722.7938482761383,0.0,0.0
3.77022696608141,-0.2168825249020109,-2.2557680062310848,3.7913606197901863,0.0008098330249657023,2022-06-22-16-03-28,724.8969993591309,0.0,0.0
3.768912647143762,-0.21129675226247882,-2.2554545399400427,3.7909092374486595,0.0008164709969835693,2022-06-22-16-03-31,727.0135591030121,0.0,0.0
3.7687483572775458,-0.2108038899718085,-2.255082298719494,3.7904628335903463,0.000811492513770432,2022-06-22-16-03-33,729.1344769001007,0.0,0.0
3.768091197814881,-0.21343248885734975,-2.254553324352225,3.7900114512518597,0.0008164709939435858,2022-06-22-16-03-35,731.2363979816437,0.0,0.0
3.76858406741155,-0.2131039139963919,-2.2544945494226236,3.7895750043592837,0.0008114925095820517,2022-06-22-16-03-37,733.3811657428741,0.0,0.0
3.7687483572775458,-0.209982452821068,-2.254004758343067,3.789146854937015,0.0008065140264656181,2022-06-22-16-03-39,735.4972546100616,0.0,0.0
3.7677626180848685,-0.21737538719479468,-2.2547688324283244,3.7887021105764926,0.0008098330112954611,2022-06-22-16-03-41,737.5951256752014,0.0,0.0
3.7669411687636853,-0.21638966260939996,-2.254964748860635,3.788270642172263,0.0007965570550025285,2022-06-22-16-03-43,739.6988527774811,0.0,0.0
3.7659554295855204,-0.21392535114892905,-2.2548276073581213,3.787820919335843,0.0007982165456032044,2022-06-22-16-03-45,741.8188283443451,0.0,0.0
3.7659554295855204,-0.2122824768443293,-2.2542202664182764,3.787377834476063,0.0007915785689627723,2022-06-22-16-03-47,743.9523797035217,0.0,0.0
3.7639839512529267,-0.2122824768443293,-2.2540047583430978,3.7869148356937328,0.0008114924915142239,2022-06-22-16-03-50,746.0815064907074,0.0,0.0
3.7648054005543283,-0.21376106371838358,-2.2537108836947524,3.786463453367399,0.0008164709708984106,2022-06-22-16-03-52,748.198169708252,0.0,0.0
3.762669632382107,-0.2131039139963919,-2.2536325171219467,3.7859871786368777,0.0008347253984726962,2022-06-22-16-03-54,750.3145244121552,0.0,0.0
3.7643125309728287,-0.21244676427470388,-2.2532406842577353,3.7855407747947893,0.0008380443805594764,2022-06-22-16-03-56,752.4279007911682,0.0,0.0
3.7639839512529267,-0.2131039139963919,-2.2531427260417223,3.78510266842454,0.0008297469087207085,2022-06-22-16-03-58,754.5454213619232,0.0,0.0
3.7631625019570167,-0.211789614553319,-2.2528096681073557,3.784659583574894,0.0008347253881168049,2022-06-22-16-04-00,756.6631033420563,0.0,0.0
3.76332679181576,-0.219018261505326,-2.2538088419116207,3.7842115202422835,0.000829746905151761,2022-06-22-16-04-02,758.7987945079803,0.0,0.0
3.7628339222401905,-0.21195390198363687,-2.253750066982067,3.7837750733702635,0.000818130444561165,2022-06-22-16-04-04,760.9374899864197,0.0,0.0
3.7620124729519673,-0.21556822545543183,-2.2538088419117495,3.7833286695365818,0.0008247684180138888,2022-06-22-16-04-07,763.0213327407837,0.0,0.0
3.7625053425242427,-0.2167182374711214,-2.254553324353494,3.782892222665735,0.0008247684162334005,2022-06-22-16-04-09,765.1129276752472,0.0,0.0
3.7613553135253412,-0.211789614553319,-2.254318224635185,3.7824458188344527,0.0008347253766694008,2022-06-22-16-04-11,767.2315900325775,0.0,0.0
3.760533864246997,-0.21474678830194194,-2.254337816278403,3.7820060529824966,0.0008280873973432114,2022-06-22-16-04-13,769.3346424102783,0.0,0.0
3.760698154102227,-0.21523965059397854,-2.254337816278403,3.781559649153614,0.0008214494204171494,2022-06-22-16-04-15,771.4518158435822,0.0,0.0
3.759876704828273,-0.2150753631632806,-2.25457291599693,3.7811248617862163,0.0008098329589332837,2022-06-22-16-04-17,773.5395059585571,0.0,0.0
3.7592195454130595,-0.21261105170509748,-2.2539263917704178,3.780681776950864,0.0008148114387618737,2022-06-22-16-04-19,775.6542418003082,0.0,0.0
3.7590552555598045,-0.2149110757326017,-2.253691292051591,3.780235373127981,0.0008148114381643942,2022-06-22-16-04-21,777.7653043270111,0.0,0.0
3.7595481251202276,-0.21540393802469562,-2.254141899845251,3.7798088832320067,0.0008048544720711236,2022-06-22-16-04-23,779.8842177391052,0.0,0.0
3.7595481251202276,-0.21261105170509748,-2.2537500669809942,3.779389031312197,0.0007982164959064907,2022-06-22-16-04-26,781.9987528324127,0.0,0.0
3.7569194874874525,-0.21277533913550997,-2.253691292051407,3.7789409680030692,0.0008231088971492511,2022-06-22-16-04-28,784.1382999420166,0.0,0.0
3.7577409367416634,-0.211789614553319,-2.2536129254786736,3.7785094996313218,0.000823108894196937,2022-06-22-16-04-30,786.253440618515,0.0,0.0
3.7560980382387235,-0.21162532712302004,-2.2537892502671717,3.7780614363252023,0.000839703828570068,2022-06-22-16-04-32,788.3724164962769,0.0,0.0
3.7559337483896353,-0.21277533913550997,-2.253691292051182,3.777621670489783,0.0008314063578692721,2022-06-22-16-04-34,790.4886898994446,0.0,0.0
3.7554408788436855,-0.2131039139963919,-2.253671700407984,3.777176926174102,0.0008363848381313918,2022-06-22-16-04-36,792.5760860443115,0.0,0.0
3.7547837194521545,-0.21261105170509748,-2.2533582341166514,3.776728862872793,0.0008397038237591734,2022-06-22-16-04-38,794.6956257820129,0.0,0.0
3.7557694585407657,-0.21474678830194194,-2.253495375619133,3.7762990540019965,0.0008413633142292735,2022-06-22-16-04-40,796.8267464637756,0.0,0.0
3.754455139757704,-0.21359677628785717,-2.2534757839759276,3.7758675856418296,0.0008430228035977139,2022-06-22-16-04-42,798.9458394050598,0.0,0.0
3.7541265600641296,-0.21129675226247882,-2.253064359468816,3.775414543860913,0.0008280873564540249,2022-06-22-16-04-45,801.0738933086395,0.0,0.0
3.7541265600641296,-0.2168825249020109,-2.2536129254789024,3.7749847349958827,0.0008048544405679016,2022-06-22-16-04-47,803.1880826950073,0.0,0.0
3.753140820988665,-0.21195390198363687,-2.2532994591877156,3.774559904616189,0.0007998759552310715,2022-06-22-16-04-49,805.2909462451935,0.0,0.0
3.753797980371432,-0.21392535114892905,-2.253279867544505,3.7741466906919157,0.0008015354469363047,2022-06-22-16-04-51,807.3917670249939,0.0,0.0
3.752976531143521,-0.21014674025117847,-2.252985992896907,3.773720200818837,0.0008048544320268325,2022-06-22-16-04-53,809.508896112442,0.0,0.0
3.751826502233644,-0.21277533913550997,-2.252711709891991,3.7732837539860777,0.0008148113917070288,2022-06-22-16-04-55,811.6411356925964,0.0,0.0
3.7528122412985954,-0.21638966260939996,-2.2525941600324955,3.7728572641135703,0.0008247683519590639,2022-06-22-16-04-57,813.7724447250366,0.0,0.0
3.7508407631765746,-0.2140896385794935,-2.252045594021706,3.7724307742479235,0.0008247683450989174,2022-06-22-16-04-59,815.8806750774384,0.0,0.0
3.751497922547078,-0.2111324648322365,-2.251575394584979,3.772000965392114,0.000821449354936321,2022-06-22-16-05-02,817.9973714351654,0.0,0.0
3.751497922547078,-0.2131039139963919,-2.2511051951475984,3.7715844324877557,0.000808173403484849,2022-06-22-16-05-04,820.1135063171387,0.0,0.0
3.751005053018872,-0.21540393802469562,-2.2513990697957733,3.771164580597236,0.000811492389646363,2022-06-22-16-05-06,822.2178812026978,0.0,0.0
3.7501836038095724,-0.21556822545543183,-2.2516929444439824,3.770726474276393,0.0008098328928451925,2022-06-22-16-05-08,824.3188536167145,0.0,0.0
3.7498550241273847,-0.21425392601007703,-2.2516537611575522,3.770296665426344,0.0008015354220530488,2022-06-22-16-05-10,826.4206123352051,0.0,0.0
3.749197864765635,-0.21261105170509748,-2.251399069795889,3.7698685160725045,0.0007998759258419338,2022-06-22-16-05-12,828.5368664264679,0.0,0.0
3.748869285086073,-0.21031102768130777,-2.250556629137979,3.7694453452015098,0.0007948974429979423,2022-06-22-16-05-14,830.6908316612244,0.0,0.0
3.747062096864123,-0.2144182134406796,-2.2499492881972136,3.769007238891817,0.0008098328816954448,2022-06-22-16-05-16,832.8065319061279,0.0,0.0
3.748376415568371,-0.21343248885734975,-2.24987092162439,3.768592365491939,0.0008131518648960993,2022-06-22-16-05-18,834.9404299259186,0.0,0.0
3.7475549663765757,-0.21770396205674677,-2.250693770639331,3.7681658756377177,0.0008181303437198589,2022-06-22-16-05-21,837.057265996933,0.0,0.0
3.7473906765388727,-0.21704681233291961,-2.2506545873528236,3.7677310883146378,0.0008131518614831213,2022-06-22-16-05-23,839.1992838382721,0.0,0.0
3.746569227353638,-0.2109681774020131,-2.2504782625642243,3.7673029389699724,0.0008065138830704549,2022-06-22-16-05-25,841.3026854991913,0.0,0.0
3.7467335171902474,-0.21425392601007703,-2.2508113204985145,3.766884746587933,0.000799875907042081,2022-06-22-16-05-27,843.4213466644287,0.0,0.0
3.7462406476810743,-0.2122824768443293,-2.2502627544884284,3.7664582567382783,0.0008015353992084359,2022-06-22-16-05-29,845.5246107578278,0.0,0.0
3.744926328999565,-0.21293962656594143,-2.250027654769929,3.7660218099300704,0.0008114923577620272,2022-06-22-16-05-31,847.6565794944763,0.0,0.0
3.744926328999565,-0.2109681774020131,-2.249400722187408,3.7656036175541865,0.0007932379254381671,2022-06-22-16-05-33,849.772766828537,0.0,0.0
3.7442691696640553,-0.21376106371838358,-2.2497141884784146,3.76517712771138,0.0007982164046876647,2022-06-22-16-05-35,851.9314279556274,0.0,0.0
3.744104879830724,-0.21343248885734975,-2.249929696553494,3.764765573313571,0.0007832809596894963,2022-06-22-16-05-38,854.0639092922211,0.0,0.0
3.743447720499584,-0.21244676427470388,-2.2495770469757446,3.76433576448596,0.0007783024759698461,2022-06-22-16-05-40,856.180956363678,0.0,0.0
3.743447720499584,-0.21293962656594143,-2.2496750051916896,3.7639109341398305,0.0007733239944872527,2022-06-22-16-05-42,858.2878439426422,0.0,0.0
3.743447720499584,-0.2168825249020109,-2.2504586709198415,3.7634794658183868,0.0007666860191726692,2022-06-22-16-05-44,860.4362754821777,0.0,0.0
3.741969112017298,-0.21523965059397854,-2.2506937706383954,3.7630529759835647,0.000761707532551062,2022-06-22-16-05-46,862.5745103359222,0.0,0.0
3.741969112017298,-0.209982452821068,-2.2503998959908307,3.76262980513635,0.0007583885449428712,2022-06-22-16-05-48,864.7060527801514,0.0,0.0
3.740654793381226,-0.20883244081082042,-2.250047246413976,3.762188379861901,0.0007666860093461457,2022-06-22-16-05-50,866.8191306591034,0.0,0.0
3.7413119526975156,-0.2140896385794935,-2.2504586709208976,3.761763549523155,0.0007633670194267623,2022-06-22-16-05-52,868.9043216705322,0.0,0.0
3.740326213724391,-0.21474678830194194,-2.2504390792776765,3.7613436976691514,0.000758388534685025,2022-06-22-16-05-55,871.0221741199493,0.0,0.0
3.7396690544133397,-0.21540393802469562,-2.2510268285735178,3.760897293916848,0.0007451125820621398,2022-06-22-16-05-57,873.1558401584625,0.0,0.0
3.739997634068429,-0.21326820142686134,-2.250576220779335,3.7604757825701944,0.0007268581492414113,2022-06-22-16-05-59,875.2568228244781,0.0,0.0
3.739997634068429,-0.21540393802469562,-2.250752545568301,3.760064228186137,0.000716901186644316,2022-06-22-16-06-01,877.3940570354462,0.0,0.0
3.739833344240775,-0.21277533913550997,-2.250556629136264,3.759657652283892,0.0007119227048328094,2022-06-22-16-06-03,879.4967074394226,0.0,0.0
3.738026156150986,-0.2111324648322365,-2.250360712704453,3.7592295029689917,0.0007268581424765824,2022-06-22-16-06-05,881.6142160892487,0.0,0.0
3.7372047070279892,-0.21343248885734975,-2.25065458735222,3.758798034669457,0.0007301771271103578,2022-06-22-16-06-07,883.7325968742371,0.0,0.0
3.7383547358017113,-0.21425392601007703,-2.2506545873522206,3.7583815018096765,0.0007384745918779335,2022-06-22-16-06-09,885.8534200191498,0.0,0.0
3.7370404172040446,-0.211789614553319,-2.250497854206717,3.757959990473155,0.0007434530686173043,2022-06-22-16-06-11,887.9656851291656,0.0,0.0
3.736383257910445,-0.21638966260939996,-2.250654587352584,3.757526862682764,0.0007451125600716451,2022-06-22-16-06-14,890.0869047641754,0.0,0.0
3.7350689393337104,-0.2150753631632806,-2.2510268285734334,3.7570887564158215,0.0007500910366218609,2022-06-22-16-06-16,892.2205986976624,0.0,0.0
3.7370404172040446,-0.2111324648322365,-2.25069377063922,3.7566689045730324,0.000768345460774614,2022-06-22-16-06-18,894.3184659481049,0.0,0.0
3.735233229155039,-0.21556822545543183,-2.25122274500563,3.7562440742552785,0.0007733239357391442,2022-06-22-16-06-20,896.4334812164307,0.0,0.0
3.735890388442535,-0.2140896385794935,-2.251399069794433,3.7558374983660596,0.0007683454524057439,2022-06-22-16-06-22,898.5411050319672,0.0,0.0
3.735233229155039,-0.2109681774020131,-2.251085603503463,3.755425943997936,0.000773323931310709,2022-06-22-16-06-24,900.6557471752167,0.0,0.0
3.734740359691706,-0.218361111780882,-2.2519280441619594,3.7550077516566884,0.0007766429170423088,2022-06-22-16-06-26,902.7588903903961,0.0,0.0
3.734247490230335,-0.21638966260939996,-2.252221918810339,3.7545895593171155,0.0007766429153687653,2022-06-22-16-06-28,904.8721559047699,0.0,0.0
3.73391891059051,-0.21293962656594143,-2.2519868190918397,3.7541647290038953,0.0007766429142442911,2022-06-22-16-06-31,906.9817442893982,0.0,0.0
3.7334260411324065,-0.2122824768443293,-2.251575394584442,3.7537415581860625,0.0007749834188573205,2022-06-22-16-06-33,909.0878410339355,0.0,0.0
3.7334260411324065,-0.21638966260939996,-2.252026002378415,3.7533333228113137,0.0007600479757735892,2022-06-22-16-06-35,911.2374866008759,0.0,0.0
3.7326045920399245,-0.21146103969274,-2.2518300859465583,3.7529068330089475,0.0007583884793184227,2022-06-22-16-06-37,913.3741586208344,0.0,0.0
3.7317831429528874,-0.21474678830194194,-2.252261102096841,3.7524737052347352,0.0007650264511658491,2022-06-22-16-06-39,915.4888379573822,0.0,0.0
3.7319474327698594,-0.209982452821068,-2.252261102096841,3.75205053442198,0.0007583884759089838,2022-06-22-16-06-41,917.598130941391,0.0,0.0
3.7311259836871775,-0.21211818941397362,-2.252339468669557,3.751640639561213,0.0007451125239211506,2022-06-22-16-06-43,919.7227280139923,0.0,0.0
3.7307974040556284,-0.21458250087130123,-2.2522806937398947,3.7512174687524062,0.0007384745482361385,2022-06-22-16-06-45,921.8726968765259,0.0,0.0
3.7304688244249506,-0.21146103969274,-2.2518496775895125,3.7507959574383722,0.0007368150534634509,2022-06-22-16-06-48,923.9807729721069,0.0,0.0
3.730633114240181,-0.21737538719479468,-2.2521239605948744,3.750387722072873,0.000726858091095084,2022-06-22-16-06-50,926.1004874706268,0.0,0.0
3.729318795724434,-0.21655395004025108,-2.2525941600320913,3.749959572788241,0.0007334960611682126,2022-06-22-16-06-52,928.2205364704132,0.0,0.0
3.7291545059109446,-0.21474678830194194,-2.2525745683888703,3.749536401985073,0.0007285175797033872,2022-06-22-16-06-54,930.318323135376,0.0,0.0
3.7283330568467625,-0.21031102768130777,-2.2527313015340678,3.7491099121974845,0.0007318365641237172,2022-06-22-16-06-56,932.4388372898102,0.0,0.0
3.727675897599333,-0.21376106371838358,-2.252359060312743,3.748680103424938,0.0007351555490814668,2022-06-22-16-06-58,934.5852010250092,0.0,0.0
3.7275116077880197,-0.21277533913550997,-2.2525353851013836,3.748261911108213,0.0007235390932599046,2022-06-22-16-07-00,936.7035183906555,0.0,0.0
3.7271830281660447,-0.21392535114892905,-2.2529076263219316,3.7478420592990065,0.0007251985857423164,2022-06-22-16-07-02,938.7878494262695,0.0,0.0
3.7273473179769234,-0.21458250087130123,-2.2530447678243974,3.7474305049572094,0.0007202201044111439,2022-06-22-16-07-04,940.9065165519714,0.0,0.0
3.7258687096868437,-0.2122824768443293,-2.2529468096084413,3.746999036697363,0.0007301770609102439,2022-06-22-16-07-07,943.023665189743,0.0,0.0
3.7271830281660447,-0.2140896385794935,-2.253436600687998,3.7465791848881564,0.0007417935115486795,2022-06-22-16-07-09,945.1173801422119,0.0,0.0
3.7257044198779226,-0.21376106371838358,-2.2530055845369152,3.7461543546032368,0.000746771987260244,2022-06-22-16-07-11,947.2091159820557,0.0,0.0
3.7247186810289565,-0.209982452821068,-2.2522415104521882,3.745727864828139,0.0007484314774398694,2022-06-22-16-07-13,949.3253462314606,0.0,0.0
3.7238972319941284,-0.2144182134406796,-2.2523002853818235,3.745303034549438,0.0007467719810425285,2022-06-22-16-07-15,951.4465975761414,0.0,0.0
3.7237329421878145,-0.21589680031696162,-2.2527313015324553,3.7448765447777435,0.0007484314740355981,2022-06-22-16-07-17,953.5935034751892,0.0,0.0
3.723404362575839,-0.2168825249020109,-2.253279867542542,3.744466649942621,0.0007318365374636962,2022-06-22-16-07-19,955.7105369567871,0.0,0.0
3.723075782964732,-0.21638966260939996,-2.2535933338341287,3.7440451386538367,0.0007268580557435509,2022-06-22-16-07-21,957.8124513626099,0.0,0.0
3.7238972319941284,-0.21359677628785717,-2.25365210876373,3.7436534982458767,0.0007135821048059259,2022-06-22-16-07-23,959.9304103851318,0.0,0.0
3.722747203354494,-0.211789614553319,-2.2535737421909965,3.7432336464517526,0.0007086036204515063,2022-06-22-16-07-26,962.046772480011,0.0,0.0
3.7217614645289934,-0.21458250087130123,-2.253750066979861,3.742807156686864,0.0007152415912151307,2022-06-22-16-07-28,964.1622865200043,0.0,0.0
3.7212685951191737,-0.21458250087130123,-2.254083124914228,3.7423839859107235,0.0007119226024667432,2022-06-22-16-07-30,966.2642967700958,0.0,0.0
3.720611435909122,-0.21589680031696162,-2.2537108836923383,3.7419525176692425,0.0007169010807627903,2022-06-22-16-07-32,968.3823330402374,0.0,0.0
3.720775725711309,-0.21376106371838358,-2.253926391767467,3.7415276874012737,0.0007135820931528681,2022-06-22-16-07-34,970.5142676830292,0.0,0.0
3.7214328849222302,-0.21458250087130123,-2.253808841908122,3.7411177925726906,0.0007119225974225447,2022-06-22-16-07-36,972.616001367569,0.0,0.0
3.7194614072998875,-0.2131039139963919,-2.2533778257572394,3.7406830053482025,0.0007268580322717091,2022-06-22-16-07-38,974.7341251373291,0.0,0.0
3.7201185665038623,-0.21129675226247882,-2.253319050827713,3.7402664725500054,0.0007218795494946719,2022-06-22-16-07-40,976.8524494171143,0.0,0.0
3.7192971174994365,-0.21573251288618714,-2.2534366006870714,3.739849939754575,0.0007218795467278211,2022-06-22-16-07-42,978.971709728241,0.0,0.0
3.7191328276992026,-0.21195390198363687,-2.253044767822997,3.7394300879727265,0.000721879546172306,2022-06-22-16-07-45,981.0895297527313,0.0,0.0
3.7188042480993855,-0.21589680031696162,-2.2531427260391457,3.739015214672435,0.0007169010646153657,2022-06-22-16-07-47,983.2399888038635,0.0,0.0
