Vbattery, sensor current, sma current, sma Vbattery, error, timestamp, time, supply voltage, supply current
4.147272812720683,0.009505540939592222,-0.0718680623210222,4.119699412569672,0.007393066598084215,2022-06-22-17-23-57,15.25933027267456,4.2,0.729
4.14858713592107,0.012462714386925942,-0.0021358131559714205,4.1238262301913,0.006524674684127493,2022-06-22-17-23-58,16.38046169281006,4.2,0.724
4.148422845520172,0.009012678698194377,0.04507199595989521,4.126900807107409,0.005729626648723785,2022-06-22-17-23-59,17.497661352157593,4.2,0.72
4.14858713592107,0.012298426973231996,0.08609934189277091,4.129310399197816,0.0051112559545209,2022-06-22-17-24-01,18.62765645980835,4.2,0.715
4.149408587929201,0.009341253525798576,0.1154299881765567,4.131320218070955,0.004682275559881877,2022-06-22-17-24-02,19.725816011428833,4.2,0.712
4.148915716723594,0.010819840249739804,0.14101471261922002,4.132919808857558,0.004301420618584134,2022-06-22-17-24-03,20.83239221572876,4.2,0.71
4.149408587929201,0.009176966111999297,0.16071900592185406,4.134293873780195,0.003984041500836015,2022-06-22-17-24-04,21.936129570007324,4.2,0.706
4.149901459136993,0.011805564732117382,0.17977903561399755,4.135494457269179,0.003715489939832668,2022-06-22-17-24-05,23.055136680603027,4.2,0.702
4.149901459136993,0.010984127663483204,0.195423499464783,4.136523528831166,0.003450097801273192,2022-06-22-17-24-06,24.154582500457764,4.2,0.7
4.150887201559134,0.012298426973231996,0.2100164734575159,4.137481107013031,0.003285807442664357,2022-06-22-17-24-07,25.243486166000366,4.2,0.697
4.150722911154837,0.006219792662637903,0.2183000643416036,4.138308719771894,0.00309071262776639,2022-06-22-17-24-08,26.354604959487915,4.2,0.694
4.150887201559134,0.009341253525798576,0.22777687259978155,4.139048630465261,0.0029185701440328895,2022-06-22-17-24-09,27.5050847530365,4.2,0.691
4.150722911154837,0.0072055171459650385,0.23479989981579344,4.139697201614682,0.002765554602936445,2022-06-22-17-24-11,28.6125328540802,4.2,0.688
4.151544363178753,0.010326978008476309,0.24302323348906948,4.140320736433844,0.0026632334145669616,2022-06-22-17-24-12,29.74104952812195,4.2,0.685
4.151708653584265,0.008848391284383804,0.24955142617916742,4.140890132291365,0.002538286264114209,2022-06-22-17-24-13,30.858102798461914,4.2,0.684
4.151380072773484,0.005234068179101256,0.2534259531570818,4.141389653266704,0.0024330621949078825,2022-06-22-17-24-14,31.93367099761963,4.2,0.682
4.152365815208743,0.009998403180939463,0.25950495958854014,4.141888569718614,0.0023672749331056634,2022-06-22-17-24-15,33.03573489189148,4.2,0.679
4.152201524802259,0.009176966111999297,0.26463371057385704,4.142336959070078,0.0022714929971655727,2022-06-22-17-24-16,34.13805103302002,4.2,0.677
4.152365815208743,0.008684103870567568,0.2690926190837391,4.142754828075855,0.00218369288922049,2022-06-22-17-24-17,35.2549991607666,4.2,0.675
4.152037234396018,0.011312702490953407,0.2744361412997127,4.143126124328662,0.0021094884061606577,2022-06-22-17-24-18,36.33381104469299,4.2,0.672
4.152201524802259,0.008191241629084795,0.2779512434562862,4.143475178193031,0.0020346730984714444,2022-06-22-17-24-19,37.42846703529358,4.2,0.671
4.152201524802259,0.011476989904680233,0.2826426880305728,4.143798376215595,0.0019593148355650947,2022-06-22-17-24-21,38.53108787536621,4.2,0.669
4.15253010561547,0.0065483674904367895,0.28492091604965536,4.144110223694162,0.001901074334766717,2022-06-22-17-24-22,39.61416292190552,4.2,0.667
4.152201524802259,0.004905493351208781,0.28637320679802236,4.144389234077201,0.0018468504202302964,2022-06-22-17-24-23,40.70747089385986,4.2,0.665
4.152694396022439,0.008684103870567568,0.2892156837317892,4.144666072808708,0.0018017177802286178,2022-06-22-17-24-24,41.822808027267456,4.2,0.663
4.153515848060934,0.008684103870567568,0.2918747750569259,4.144951549429748,0.0017700963046888177,2022-06-22-17-24-25,42.94565176963806,4.2,0.661
4.153187267244808,0.005234068179101256,0.29309482873375226,4.145208915611469,0.0017250489456712426,2022-06-22-17-24-26,44.06972813606262,4.2,0.659
4.153187267244808,0.005726930420895901,0.29441726453453115,4.145450683842782,0.0016727747351963564,2022-06-22-17-24-27,45.1980504989624,4.2,0.657
4.153022976837108,0.0047412059372537,0.29531963249735843,4.145673398342616,0.0016284075490935075,2022-06-22-17-24-28,46.320011377334595,4.2,0.655
4.152694396022439,0.0014554576568981993,0.29506210944380706,4.145873998276325,0.001591269642395662,2022-06-22-17-24-29,47.45140194892883,4.2,0.655
4.1541730096961045,0.006712654904327526,0.29654295765497257,4.146104526371319,0.00158814030993093,2022-06-22-17-24-31,48.58380198478699,4.2,0.652
4.153844428878033,0.006055505248729736,0.29773407650542827,4.146313712925555,0.0015540981615022973,2022-06-22-17-24-32,49.707639932632446,4.2,0.651
4.1540087192869475,0.012462714386925942,0.30085311875092574,4.146516213092959,0.0015175242732763032,2022-06-22-17-24-33,50.84261131286621,4.2,0.649
4.1541730096961045,0.0044126311093258055,0.301375311354932,4.146712541210989,0.001482825969068116,2022-06-22-17-24-34,51.94256138801575,4.2,0.647
4.154994461745537,0.0047412059372537,0.3019683729528252,4.146919589224352,0.0014662916210772315,2022-06-22-17-24-35,53.03857088088989,4.2,0.646
4.153515848060934,0.005562643006970215,0.30276903794612614,4.147080473586221,0.0014665921592120117,2022-06-22-17-24-36,54.13688397407532,4.2,0.644
4.153844428878033,0.008026954215245814,0.30422428049241723,4.147241520140788,0.001439496651066463,2022-06-22-17-24-37,55.22971725463867,4.2,0.643
4.154830171335164,0.002769756969329056,0.304168434562024,4.147418000401123,0.0014289442279516928,2022-06-22-17-24-38,56.325541496276855,4.2,0.642
4.154994461745537,0.006055505248729736,0.3049967509383833,4.1475901927044045,0.0014002020957339933,2022-06-22-17-24-39,57.43626379966736,4.2,0.64
4.1551587521561535,0.005398355593038671,0.30561584681079257,4.147758382914443,0.0013727373916202663,2022-06-22-17-24-41,58.558369636535645,4.2,0.638
4.154830171335164,0.004905493351208781,0.3060815316138688,4.147912117445329,0.0013500383357369819,2022-06-22-17-24-42,59.696542501449585,4.2,0.637
4.154665880925035,0.0044126311093258055,0.30640359754351354,4.148055814540641,0.0013248096564687389,2022-06-22-17-24-43,60.801414251327515,4.2,0.635
4.154994461745537,0.004905493351208781,0.3068334673395299,4.148200369690743,0.0013040548890527748,2022-06-22-17-24-44,61.90817356109619,4.2,0.633
4.155487332978114,0.004084056281374196,0.30704787587022114,4.14834908322722,0.0012875001205532718,2022-06-22-17-24-45,63.01100540161133,4.2,0.632
4.155651623389461,0.0011268828287296258,0.30655546196595135,4.148495134030465,0.0012650359263691336,2022-06-22-17-24-46,64.1341986656189,4.2,0.631
4.1551587521561535,0.0021126073131621584,0.30631054340887104,4.1486257932094,0.0012498954421914488,2022-06-22-17-24-47,65.22553086280823,4.2,0.63
4.155980204212881,0.003591194039402149,0.306410740033647,4.1487672241902365,0.0012416561463171392,2022-06-22-17-24-48,66.32945609092712,4.2,0.628
4.155651623389461,0.0007983080005365545,0.3058850286309388,4.14889711851475,0.0012244283100360635,2022-06-22-17-24-49,67.43415212631226,4.2,0.627
4.155980204212881,0.005398355593038671,0.30638449227104736,4.149028286768419,0.001207838541765398,2022-06-22-17-24-51,68.55619955062866,4.2,0.626
4.155487332978114,0.0029340443833556877,0.3063368192837191,4.149145723972232,0.0011948391361835998,2022-06-22-17-24-52,69.69416427612305,4.2,0.624
4.1551587521561535,0.006055505248729736,0.30694891813797115,4.149253099475517,0.0011793702377153365,2022-06-22-17-24-53,70.83061361312866,4.2,0.623
4.155980204212881,0.0017840324850423514,0.3066548225669384,4.149371118856873,0.001173090971382214,2022-06-22-17-24-54,71.93795037269592,4.2,0.621
4.155323042567012,0.002605469555296395,0.30653807274686967,4.149473738231186,0.0011641956381837032,2022-06-22-17-24-55,73.07361125946045,4.2,0.621
4.1561444946249555,0.003591194039402149,0.30662252520704514,4.149586801898877,0.001158386424959289,2022-06-22-17-24-56,74.1941728591919,4.2,0.619
4.155980204212881,0.0007983080005365545,0.30615461704842956,4.14969335860411,0.0011418181580778787,2022-06-22-17-24-57,75.31502032279968,4.2,0.618
4.156308785037274,0.005726930420895901,0.30665593824697096,4.149801808217769,0.0011284863985092835,2022-06-22-17-24-58,76.44228386878967,4.2,0.617
4.155980204212881,0.0021126073131621584,0.3064528523970982,4.1499014597660775,0.0011155846957009656,2022-06-22-17-25-00,77.54828977584839,4.2,0.616
4.156308785037274,0.0024411821412577,0.3063177874466732,4.15000316334181,0.0011030925707595785,2022-06-22-17-25-01,78.65356516838074,4.2,0.614
4.156801656275688,0.004905493351208781,0.3066415305764486,4.150109389793902,0.0010935578624416686,2022-06-22-17-25-02,79.76000833511353,4.2,0.613
4.157294527516291,0.0024411821412577,0.30650771872943133,4.150219930374246,0.001084316529798006,2022-06-22-17-25-03,80.86444282531738,4.2,0.612
4.157294527516291,0.0022768947272129546,0.30634857432501006,4.150327121240035,0.0010678874914677333,2022-06-22-17-25-04,81.9575891494751,4.2,0.611
4.15696594668898,0.003098331797376303,0.30633892471494134,4.150426208187033,0.001056853063644502,2022-06-22-17-25-05,83.05495643615723,4.2,0.61
4.15696594668898,0.004905493351208781,0.30664331328902017,4.1505223808120615,0.0010413111068262005,2022-06-22-17-25-06,84.19084024429321,4.2,0.609
4.15696594668898,0.003919768867389475,0.3067702205291997,4.15061576582477,0.0010262196415098787,2022-06-22-17-25-07,85.31097722053528,4.2,0.608
4.156801656275688,0.0037554814533987957,0.3068657936699162,4.150704135688354,0.001013906366821057,2022-06-22-17-25-08,86.42659449577332,4.2,0.606
4.15696594668898,0.0003054457582008299,0.3063849982413207,4.15079233020949,0.001001939944940371,2022-06-22-17-25-10,87.5501708984375,4.2,0.606
4.157294527516291,0.005398355593038671,0.3067526519490357,4.150882638505418,0.0009925877349732997,2022-06-22-17-25-11,88.6881217956543,4.2,0.604
4.157294527516291,0.0017840324850423514,0.30652570425917364,4.150970472601457,0.0009789906427133915,2022-06-22-17-25-12,89.80877161026001,4.2,0.603
4.157458817930313,0.002769756969329056,0.3064621529243944,4.1510581529437385,0.0009679811801635019,2022-06-22-17-25-13,90.96077513694763,4.2,0.602
4.156801656275688,0.0017840324850423514,0.3062451304932572,4.151134732988164,0.0009638369198229905,2022-06-22-17-25-14,92.05076432228088,4.2,0.6
4.157458817930313,0.0021126073131621584,0.30608486055985723,4.15121794463214,0.0009598017189651241,2022-06-22-17-25-15,93.1554262638092,4.2,0.6
4.157623108344577,0.003262619211390913,0.30610507825301164,4.151301128576457,0.0009494704033196553,2022-06-22-17-25-16,94.24643397331238,4.2,0.599
4.157787398759085,-0.0006802787266376037,0.3055279860104951,4.151384285886491,0.0009394039932066889,2022-06-22-17-25-17,95.37010407447815,4.2,0.598
4.157951689173836,0.0021126073131621584,0.30538288005536046,4.151467417573673,0.0009295924289224364,2022-06-22-17-25-18,96.47804641723633,4.2,0.597
4.157623108344577,0.002769756969329056,0.3053383803732373,4.151544363708309,0.0009220797839266437,2022-06-22-17-25-20,97.60394310951233,4.2,0.596
4.157458817930313,-0.0031445899397201625,0.3044329472336637,4.151617381661667,0.0009127243596098213,2022-06-22-17-25-21,98.71100234985352,4.2,0.595
4.157787398759085,0.002605469555296395,0.30437746413328914,4.151692625772611,0.0009056006580142416,2022-06-22-17-25-22,99.81932497024536,4.2,0.593
4.157787398759085,-2.3129070053844875e-05,0.30394942448436146,4.1517660567724475,0.0008946898067128652,2022-06-22-17-25-23,100.92586207389832,4.2,0.592
4.158608850835273,0.0014554576568981993,0.30373938759315555,4.1518475186065285,0.0008938179289685243,2022-06-22-17-25-24,102.01739025115967,4.2,0.592
4.1582802700040675,0.0021126073131621584,0.30362556674564617,4.151923198034735,0.0008871680807595523,2022-06-22-17-25-25,103.12155532836914,4.2,0.591
4.158444560419548,0.0014554576568981993,0.30342418022096496,4.151999027829907,0.0008787625265121252,2022-06-22-17-25-26,104.2316312789917,4.2,0.59
4.158444560419548,0.0007983080005365545,0.303138247525208,4.152073114411397,0.0008686618078165835,2022-06-22-17-25-27,105.33987808227539,4.2,0.589
4.158937431667452,0.0006340205864308023,0.3028367727034067,4.1521511180165795,0.0008643914605448444,2022-06-22-17-25-28,106.46172976493835,4.2,0.588
4.158773141251241,0.003919768867389475,0.30297793158158653,4.152225522772024,0.0008565251566759238,2022-06-22-17-25-30,107.57423949241638,4.2,0.587
4.15811597958883,0.0007983080005365545,0.30270648829390345,4.152290972292212,0.000854310006739646,2022-06-22-17-25-31,108.68275618553162,4.2,0.586
4.159266012500604,-0.001666003211700448,0.30212130104266444,4.152367621085711,0.0008575597089927678,2022-06-22-17-25-32,109.80430030822754,4.2,0.585
4.159101722083906,-0.000351703898333295,0.3017174937302948,4.152440817835691,0.0008500241732069512,2022-06-22-17-25-33,110.92401885986328,4.2,0.585
4.159101722083906,-0.00330887735397635,0.3009469693201043,4.152512440462016,0.0008408841283337581,2022-06-22-17-25-34,112.04828357696533,4.2,0.584
4.158773141251241,-0.0013374283833211022,0.30044044404435816,4.152579043661901,0.0008354340932734541,2022-06-22-17-25-35,113.18354368209839,4.2,0.583
4.159266012500604,0.003098331797376303,0.3004958293749482,4.152649432807571,0.0008318281686007105,2022-06-22-17-25-36,114.30683827400208,4.2,0.582
4.158773141251241,-0.0018302906258995597,0.29994394444340317,4.152713221437193,0.0008282973673586491,2022-06-22-17-25-37,115.44565033912659,4.2,0.581
4.159430302917546,0.0004697331723188987,0.2996833768792774,4.152782469699877,0.0008265330817807733,2022-06-22-17-25-39,116.55542373657227,4.2,0.58
4.159266012500604,0.0017840324850423514,0.2995864594681532,4.152848628299885,0.0008197755035681315,2022-06-22-17-25-40,117.67695450782776,4.2,0.579
4.159430302917546,-0.000515991312482339,0.29921721700706805,4.152915109861679,0.0008131544420870583,2022-06-22-17-25-41,118.81223773956299,4.2,0.578
4.159101722083906,0.0021126073131621584,0.30519266762461544,4.153452787460178,0.0008164734404066494,2022-06-22-17-25-42,119.93110156059265,4.2,0.577
4.15959459333473,0.0011268828287296258,0.3113248513760347,4.153997103054524,0.0008197924395249281,2022-06-22-17-25-43,121.04997777938843,4.2,0.576
4.159266012500604,0.0007983080005365545,0.31720234378818746,4.1545364401521825,0.000821451939484645,2022-06-22-17-25-44,122.15281867980957,4.2,0.576
4.15959459333473,-0.0015017157975076335,0.3230602445626595,4.155084074743251,0.0008197924427220565,2022-06-22-17-25-45,123.27463579177856,4.2,0.575
4.159430302917546,-0.0015017157975076335,0.32114026372292054,4.1551985801796,0.000389982286327633,2022-06-22-17-25-46,124.3795256614685,4.2,0.574
4.159266012500604,-0.00018741648419046478,0.3199843568903765,4.15531972361172,0.00038334429055510676,2022-06-22-17-25-47,125.48456001281738,4.2,0.573
4.159758883752158,-2.3129070053844875e-05,0.31849539215742656,4.155432569549408,0.0003750467961224481,2022-06-22-17-25-49,126.57851123809814,4.2,0.572
4.15959459333473,-0.003637452182507918,0.31698683578208325,4.155545415486929,0.00037504679628941665,2022-06-22-17-25-50,127.67089247703552,4.2,0.572
4.159266012500604,-0.003637452182507918,0.3150864465826507,4.155653282927126,0.00037670629561495616,2022-06-22-17-25-51,128.77996921539307,4.2,0.571
4.15992317416983,-0.000351703898333295,0.31393053975006513,4.1557594908689515,0.0003750467972421809,2022-06-22-17-25-52,129.9099268913269,4.2,0.57
4.15992317416983,-2.3129070053844875e-05,0.31263749142912,4.155870677307802,0.00037006830021585053,2022-06-22-17-25-53,131.0435938835144,4.2,0.569
4.160087464587744,-0.000351703898333295,0.31150117623774454,4.1559785447487965,0.0003667493023603731,2022-06-22-17-25-54,132.17085361480713,4.2,0.568
4.159758883752158,0.0022768947272129546,0.31036486104701627,4.156078114694405,0.00036508980365122047,2022-06-22-17-25-55,133.29633140563965,4.2,0.568
4.160087464587744,0.00014115834407658553,0.3090718127261174,4.156181003638351,0.00036840880199047704,2022-06-22-17-25-56,134.41975331306458,4.2,0.567
4.160087464587744,-0.0019945780401049718,0.30736733993931187,4.1562739355881355,0.00035845180782744,2022-06-22-17-25-58,135.55751848220825,4.2,0.566
4.160416045424304,-0.0031445899397201625,0.3062506163884519,4.156371846035301,0.00036011130714322745,2022-06-22-17-25-59,136.68447351455688,4.2,0.565
4.160087464587744,-0.0018302906258995597,0.3049183847845731,4.156464777985086,0.00036177080645901494,2022-06-22-17-26-00,137.8214340209961,4.2,0.564
4.160416045424304,-0.0011731409691408436,0.30391921108150516,4.156562688432252,0.0003634303057748024,2022-06-22-17-26-01,138.94413542747498,4.2,0.564
4.160744626261839,0.00014115834407658553,0.302704529325424,4.156655620382586,0.0003584518089426691,2022-06-22-17-26-02,140.04933142662048,4.2,0.563
4.16058033584295,-0.000844566140799103,0.301548622492713,4.156745233334694,0.00035845180907778884,2022-06-22-17-26-03,141.18568229675293,4.2,0.563
4.160744626261839,-0.0018302906258995597,0.30070618191929144,4.156839824784071,0.00035679231016978296,2022-06-22-17-26-04,142.30697464942932,4.2,0.562
4.161073207100347,0.0022768947272129546,0.2997853747818012,4.156927778237522,0.0003501543142430007,2022-06-22-17-26-05,143.443434715271,4.2,0.561
4.160416045424304,-0.0015017157975076335,0.29851191810164734,4.1570107531933,0.00035513281191531485,2022-06-22-17-26-07,144.56655859947205,4.2,0.56
4.160744626261839,0.0004697331723188987,0.29753233604015417,4.157095387648382,0.0003567923112188652,2022-06-22-17-26-08,145.70184922218323,4.2,0.559
4.161237497519966,-0.0023231528685347426,0.29590622981802833,4.157188319599129,0.00035845181066737706,2022-06-22-17-26-09,146.81129550933838,4.2,0.558
4.160744626261839,-0.0057731885685917,0.2942409403122194,4.157274613553266,0.00036177080917127857,2022-06-22-17-26-10,147.95187282562256,4.2,0.558
4.16058033584295,0.0016197450709733233,0.29306544183892747,4.157359248008223,0.00036343030835197317,2022-06-22-17-26-11,149.06068181991577,4.2,0.557
4.16058033584295,-0.002487440282759122,0.2919879015706741,4.157440563465066,0.0003601113102387356,2022-06-22-17-26-12,150.18164038658142,4.2,0.556
4.160744626261839,-0.002816015111226918,0.29106709443214523,4.157526857419203,0.0003584518113061926,2022-06-22-17-26-13,151.29585576057434,4.2,0.556
4.160744626261839,0.0003054457582008299,0.2900679207294039,4.1576081728761665,0.0003534733141326579,2022-06-22-17-26-14,152.42540287971497,4.2,0.555
4.161073207100347,-0.004458889253949196,0.288500589430142,4.157684509836161,0.00034849481716309026,2022-06-22-17-26-16,153.5364842414856,4.2,0.554
4.160744626261839,-0.0026517276969898473,0.28756019065042016,4.157760846795928,0.00034849481738916306,2022-06-22-17-26-17,154.62991857528687,4.2,0.553
4.161730368780285,0.0012911702428169726,0.2870312163370916,4.157847140750832,0.0003584518125249798,2022-06-22-17-26-18,155.72376155853271,4.2,0.553
4.16090891668097,-0.000844566140799103,0.2863651005348894,4.157926796708851,0.00036508980940998096,2022-06-22-17-26-19,156.82487154006958,4.2,0.552
4.161073207100347,-0.003637452182507918,0.2857577596559895,4.158011431164184,0.0003634303104676321,2022-06-22-17-26-20,157.9299395084381,4.2,0.551
4.16090891668097,-0.0013374283833211022,0.2847977692353248,4.158079470628676,0.0003501543180000672,2022-06-22-17-26-21,159.06930017471313,4.2,0.55
4.1614017879398295,0.0017840324850423514,0.2842883865632771,4.158155807588897,0.0003518138174019631,2022-06-22-17-26-22,160.17655515670776,4.2,0.55
4.161566078359935,-0.001666003211700448,0.2826035054177904,4.15823214454923,0.00035181381751500396,2022-06-22-17-26-23,161.30043506622314,4.2,0.549
4.1614017879398295,-0.00018741648419046478,0.28205493946305643,4.158305162511288,0.0003518138176255957,2022-06-22-17-26-24,162.434734582901,4.2,0.549
4.161566078359935,-0.006101763397317526,0.28076189114034916,4.158371542477091,0.00034517582136976574,2022-06-22-17-26-26,163.57102012634277,4.2,0.548
4.1620589496217155,-0.003473164768238935,0.2796843508718557,4.15845783643225,0.00033521882719983855,2022-06-22-17-26-27,164.70654249191284,4.2,0.547
4.161894659200878,-0.0019945780401049718,0.2784892607564181,4.158539151890057,0.00033355932824770184,2022-06-22-17-26-28,165.82645344734192,4.2,0.546
4.161566078359935,-0.0031445899397201625,0.2777839616713905,4.158607191354954,0.0003269213321245873,2022-06-22-17-26-29,166.93671560287476,4.2,0.545
4.162223240042795,-0.0029803025254703554,0.2767064214030174,4.158680209317553,0.0003318998298264805,2022-06-22-17-26-30,168.07326436042786,4.2,0.545
4.161237497519966,-0.0013374283833211022,0.2759031641121403,4.1587416107858735,0.0003401973259094375,2022-06-22-17-26-31,169.21059441566467,4.2,0.544
4.161894659200878,0.0022768947272129546,0.2755896978523962,4.158812969249164,0.0003435163244945131,2022-06-22-17-26-32,170.33087825775146,4.2,0.543
4.162223240042795,-0.0018302906258995597,0.274845215485118,4.158889306209949,0.00034517582380550084,2022-06-22-17-26-33,171.46800708770752,4.2,0.543
4.1623875304641205,-0.0013374283833211022,0.2741007331179227,4.158963983671753,0.0003435163248239107,2022-06-22-17-26-35,172.56124138832092,4.2,0.542
4.161894659200878,-0.00330887735397635,0.2732191092617528,4.15902870413865,0.0003435163251336607,2022-06-22-17-26-36,173.66825985908508,4.2,0.542
4.1623875304641205,-0.003801739596783312,0.2726313600240741,4.159096743604051,0.00034683532363766087,2022-06-22-17-26-37,174.76047897338867,4.2,0.541
4.162223240042795,-0.0052803263255519865,0.2717497361675031,4.159168102067553,0.00034351632553683087,2022-06-22-17-26-38,175.85014295578003,4.2,0.54
4.161894659200878,-0.0023231528685347426,0.2710444370826081,4.159227844037129,0.00033853782841753783,2022-06-22-17-26-39,176.95481848716736,4.2,0.539
4.1620589496217155,-0.0021588654543166948,0.2706917875400552,4.1592925645041205,0.000336878329401551,2022-06-22-17-26-40,178.07215809822083,4.2,0.539
4.161894659200878,-0.0019945780401049718,0.2698101636841485,4.159352306473696,0.0003352188303855641,2022-06-22-17-26-41,179.20173001289368,4.2,0.538
4.1630446921518525,-0.002487440282759122,0.2691636395229345,4.159428643435048,0.0003418568275189771,2022-06-22-17-26-42,180.33699798583984,4.2,0.538
4.162551820885688,-0.007416062712483979,0.26755712494016737,4.159503320896962,0.0003435163269553774,2022-06-22-17-26-43,181.45817136764526,4.2,0.538
4.161894659200878,-0.003966027011065125,0.26687141749624765,4.159563062866538,0.0003418568282491405,2022-06-22-17-26-45,182.5962393283844,4.2,0.537
4.1623875304641205,-0.003801739596783312,0.266107343487395,4.1596344213301455,0.00034019732943473425,2022-06-22-17-26-46,183.7049114704132,4.2,0.536
4.161894659200878,-0.0047874640825708616,0.2651081697835081,4.159692503800609,0.0003368783315084627,2022-06-22-17-26-47,184.79707288742065,4.2,0.536
4.162716111307499,0.00014115834407658553,0.2650298032185171,4.159760543266211,0.0003435163284230698,2022-06-22-17-26-48,185.90250897407532,4.2,0.535
4.1620589496217155,-0.006266050811690276,0.2635996134071697,4.1598186257367615,0.0003468353270229664,2022-06-22-17-26-49,187.00908493995667,4.2,0.534
4.1630446921518525,-0.0031445899397201625,0.2629726808870982,4.159889984200793,0.00035347332405067717,2022-06-22-17-26-50,188.10220861434937,4.2,0.533
4.1623875304641205,-0.0054446137398920375,0.2620322821067731,4.159951385669751,0.00035679232267025725,2022-06-22-17-26-51,189.17929410934448,4.2,0.533
4.162551820885688,-0.003801739596783312,0.2609939251206544,4.160009468140558,0.0003534733245202993,2022-06-22-17-26-52,190.29801273345947,4.2,0.532
4.1630446921518525,-0.003473164768238935,0.2602886260355734,4.1600675506116245,0.00035347332477849005,2022-06-22-17-26-53,191.4187135696411,4.2,0.532
4.1630446921518525,-0.004458889253949196,0.2594853687441236,4.160125633082692,0.00035347332477849005,2022-06-22-17-26-55,192.53682374954224,4.2,0.531
4.162551820885688,-0.00413031442535337,0.2586233365290232,4.160182056054376,0.00035513282416084604,2022-06-22-17-26-56,193.63057470321655,4.2,0.531
4.161894659200878,-0.0029803025254703554,0.2576829377492313,4.160231841029244,0.0003617708209771076,2022-06-22-17-26-57,194.7371118068695,4.2,0.53
4.162223240042795,-0.004623176668256793,0.25666417240414935,4.160284945002514,0.00036508981938031303,2022-06-22-17-26-58,195.84335064888,4.2,0.53
4.162880401729554,0.00014115834407658553,0.2562331562968428,4.160346346471746,0.0003700683170920928,2022-06-22-17-26-59,196.93446850776672,4.2,0.529
4.162880401729554,-0.000844566140799103,0.25609601480808525,4.160406088441853,0.0003684088179679276,2022-06-22-17-27-00,198.0267412662506,4.2,0.528
4.1630446921518525,-0.003637452182507918,0.25501847453955157,4.1604641709129195,0.00036674931892739473,2022-06-22-17-27-01,199.1469669342041,4.2,0.528
4.1630446921518525,-0.0006802787266376037,0.2547245999208406,4.160522253383985,0.00036674931892739473,2022-06-22-17-27-02,200.26867151260376,4.2,0.527
4.162551820885688,-0.0054446137398920375,0.253745017858039,4.160573697858283,0.000370068317433889,2022-06-22-17-27-03,201.37645554542542,4.2,0.527
4.163208982574395,-0.005608901154238604,0.25286339400140034,4.160638418325946,0.00037006831777815235,2022-06-22-17-27-04,202.46340775489807,4.2,0.526
4.163701853843484,-0.0054446137398920375,0.2519621785035548,4.160701479294766,0.00036840881893434647,2022-06-22-17-27-06,203.55760741233826,4.2,0.525
4.1630446921518525,-0.006101763397317526,0.25084545495193744,4.160756242767566,0.00037338731668552907,2022-06-22-17-27-07,204.6779866218567,4.2,0.525
4.162716111307499,-0.0054446137398920375,0.25027729735528514,4.160806027742803,0.0003750468159768961,2022-06-22-17-27-08,205.78615760803223,4.2,0.524
4.162880401729554,-0.002487440282759122,0.24972873140026444,4.160855812718113,0.00037504681605067774,2022-06-22-17-27-09,206.90688705444336,4.2,0.524
4.16337327299718,-0.006758913054847965,0.24859241620723793,4.160913895189352,0.0003767063154281263,2022-06-22-17-27-10,208.03035736083984,4.2,0.523
4.1630446921518525,-0.004623176668256793,0.24841609143582905,4.1609703181612865,0.0003783658147318023,2022-06-22-17-27-11,209.13794422149658,4.2,0.523
4.164030434690761,-0.0013374283833211022,0.24794589204589992,4.161033379130293,0.0003850038118038861,2022-06-22-17-27-12,210.25497603416443,4.2,0.522
4.16337327299718,-0.0021588654543166948,0.24769120070958756,4.161089802102396,0.0003916418087087412,2022-06-22-17-27-13,211.36419677734375,4.2,0.522
4.164030434690761,-0.0021588654543166948,0.24726018460205526,4.161144565575683,0.0003899823098945233,2022-06-22-17-27-14,212.46799063682556,4.2,0.521
4.163208982574395,-0.006594625640455484,0.2462218276152657,4.161194350551142,0.0003949608077244219,2022-06-22-17-27-16,213.5601146221161,4.2,0.521
4.1630446921518525,-0.0047874640825708616,0.24547734524748152,4.1612408165282355,0.0003949608077957543,2022-06-22-17-27-17,214.6537218093872,4.2,0.52
4.16337327299718,-0.004294601839648058,0.24487000436848877,4.161290601503768,0.00039827980623341025,2022-06-22-17-27-18,215.7459900379181,4.2,0.52
4.16337327299718,-0.003637452182507918,0.2443606216958147,4.161335407981846,0.0003933013087798392,2022-06-22-17-27-19,216.85196137428284,4.2,0.519
4.164030434690761,-0.004623176668256793,0.24334185635073277,4.161388511955982,0.00039827980653104873,2022-06-22-17-27-20,217.97388815879822,4.2,0.518
4.163208982574395,-0.007087487883652734,0.2424014575700452,4.161439956430584,0.0003999393060659471,2022-06-22-17-27-21,219.09394645690918,4.2,0.518
4.16353756342021,-0.00330887735397635,0.24220554115743334,4.161483103409569,0.0003916418104501989,2022-06-22-17-27-22,220.18881750106812,4.2,0.517
4.163866144267,-0.005937475982951343,0.24153942535444822,4.161531228886166,0.00039330130974406,2022-06-22-17-27-23,221.2934639453888,4.2,0.517
4.163866144267,-0.004458889253949196,0.24140228386557466,4.161579354362763,0.00039330130974406,2022-06-22-17-27-24,222.40590357780457,4.2,0.516
4.16337327299718,-0.0031445899397201625,0.2411867758117141,4.161625820339995,0.00039496080910925353,2022-06-22-17-27-25,223.50996828079224,4.2,0.516
4.164359015539012,-0.003801739596783312,0.24036392687914984,4.16167726481513,0.00039993930701297855,2022-06-22-17-27-27,224.61613059043884,4.2,0.515
4.16353756342021,-0.003473164768238935,0.24016801046653044,4.1617253902915845,0.0004032583056941838,2022-06-22-17-27-28,225.74961948394775,4.2,0.514
4.164030434690761,-0.007087487883652734,0.2392667949683369,4.161771856269092,0.0004015988067471788,2022-06-22-17-27-29,226.85887908935547,4.2,0.514
4.16337327299718,-0.0006802787266376037,0.23897292034962592,4.161813343748856,0.0004065773044910048,2022-06-22-17-27-30,227.98386478424072,4.2,0.514
4.163701853843484,-0.002816015111226918,0.23869863737202207,4.161856490727905,0.00040823680377748237,2022-06-22-17-27-31,229.12269496917725,4.2,0.513
4.16337327299718,-0.006266050811690276,0.23769946366779188,4.161899637706827,0.000408236803905398,2022-06-22-17-27-32,230.24701690673828,4.2,0.513
4.164194725114764,-0.007908924955780654,0.23662192339818927,4.161946103684404,0.00041155580255953627,2022-06-22-17-27-33,231.3850793838501,4.2,0.512
4.164194725114764,-0.001666003211700448,0.23632804877941188,4.161995888660304,0.00040823680423502886,2022-06-22-17-27-34,232.4905490875244,4.2,0.512
4.163866144267,-0.006923200469247041,0.23568152461752712,4.162039035639418,0.0004082368043727862,2022-06-22-17-27-36,233.6160125732422,4.2,0.511
4.164030434690761,-0.006101763397317526,0.23513295866204265,4.162085501616924,0.0004082368044392202,2022-06-22-17-27-37,234.7661895751953,4.2,0.51
4.164359015539012,-0.00330887735397635,0.23476071747814437,4.162136946092059,0.0004098963037453722,2022-06-22-17-27-38,235.88813257217407,4.2,0.51
4.163866144267,-0.005608901154238604,0.2340946016752109,4.162178433572007,0.00040989630395202173,2022-06-22-17-27-39,237.02500653266907,4.2,0.509
4.164030434690761,-0.0057731885685917,0.2338399103386814,4.162223240050351,0.0004098963040159975,2022-06-22-17-27-40,238.13622784614563,4.2,0.509
4.164523305963504,-0.00330887735397635,0.23387909362121284,4.162276344024723,0.0004115558033959671,2022-06-22-17-27-41,239.25836634635925,4.2,0.509
4.164359015539012,-0.009387511686031799,0.23280155335123,4.162321150503199,0.00040657730597441527,2022-06-22-17-27-42,240.3801462650299,4.2,0.508
4.164030434690761,-0.004623176668256793,0.23225298739593722,4.1623626379832075,0.0004098963044415965,2022-06-22-17-27-44,241.53182792663574,4.2,0.507
4.164359015539012,-0.0026517276969898473,0.23197870441834376,4.162405784962513,0.0004115558037379247,2022-06-22-17-27-45,242.65607023239136,4.2,0.507
4.163701853843484,-0.009223224271532552,0.23060728952972545,4.162445612943234,0.00041487480232319776,2022-06-22-17-27-46,243.79159426689148,4.2,0.507
4.164359015539012,-0.010701811002269798,0.22931424120561392,4.162488759922539,0.00041819380090847075,2022-06-22-17-27-47,244.91014957427979,4.2,0.506
4.164523305963504,-0.002816015111226918,0.2292162829993099,4.162533566401081,0.0004198533001457666,2022-06-22-17-27-48,246.0488691329956,4.2,0.506
4.164194725114764,-0.009223224271532552,0.22849139227200324,4.162571734882804,0.0004198533002688017,2022-06-22-17-27-49,247.16334652900696,4.2,0.505
4.164523305963504,-0.000515991312482339,0.2286481254020445,4.162616541361347,0.00041985330039183687,2022-06-22-17-27-50,248.29645895957947,4.2,0.504
4.163701853843484,-0.003637452182507918,0.22835425078313237,4.162649731345379,0.00042483179820457294,2022-06-22-17-27-51,249.40154433250427,4.2,0.504
4.164523305963504,-0.010866098416830203,0.22704161081771998,4.162687899827213,0.0004298102960074583,2022-06-22-17-27-53,250.51197481155396,4.2,0.503
4.165016177238441,-0.005608901154238604,0.22647345322104553,4.162732706305955,0.0004331292945534003,2022-06-22-17-27-54,251.6202027797699,4.2,0.503
4.165016177238441,-0.007416062712483979,0.22580733741782602,4.162775853285518,0.00043146979537270566,2022-06-22-17-27-55,252.73983454704285,4.2,0.503
4.164194725114764,-0.00330887735397635,0.22514122161524977,4.162807383770511,0.00043644829320270293,2022-06-22-17-27-56,253.84596180915833,4.2,0.502
4.164523305963504,-0.00413031442535337,0.2248277553550465,4.162848871250706,0.0004331292949471235,2022-06-22-17-27-57,254.93868017196655,4.2,0.502
4.165344758089617,-0.006758913054847965,0.22396572313941707,4.162895337228763,0.0004381077928115444,2022-06-22-17-27-58,256.0418393611908,4.2,0.501
4.165016177238441,-0.004458889253949196,0.2237110318029673,4.162933505710768,0.0004364482937514267,2022-06-22-17-27-59,257.177832365036,4.2,0.501
4.165180467663908,-0.007744637541341776,0.2234759321075924,4.162978312189576,0.0004331292954417223,2022-06-22-17-28-00,258.3133885860443,4.2,0.5
4.140865487341124,-0.05177366488079026,0.21710864865861795,4.16277917230572,0.000677075658107333,2022-06-22-17-28-01,259.4225227832794,0.0,0.0
4.1374153892125065,-0.051609377464221035,0.2112507478824801,4.162545182945816,0.0007119251341539712,2022-06-22-17-28-03,260.52662229537964,0.0,0.0
4.136101066143978,-0.04963792846611213,0.20566713008726512,4.1622962580961405,0.0007235416255644704,2022-06-22-17-28-05,262.6245846748352,0.0,0.0
4.135115323852746,-0.04750219205298402,0.1999659624479492,4.1620373762536245,0.0007334986184051982,2022-06-22-17-28-07,264.74702191352844,0.0,0.0
4.13380100081132,-0.05177366488079026,0.19432356972545972,4.161761899422422,0.0007434556103538719,2022-06-22-17-28-09,266.86353611946106,0.0,0.0
4.133143839296412,-0.05045936554849602,0.1886224020813354,4.161483103594489,0.0007467746070851846,2022-06-22-17-28-11,268.97219610214233,0.0,0.0
4.13297954891829,-0.05078794038151406,0.18241185176407365,4.16119269127265,0.0007384771107182797,2022-06-22-17-28-13,271.0964777469635,0.0,0.0
4.132158097031305,-0.04996650329903811,0.17655395099070514,4.160902278952957,0.0007384771085735351,2022-06-22-17-28-15,273.21814131736755,0.0,0.0
4.131172354774902,-0.04996650329903811,0.1710291081187576,4.160600250141589,0.0007467746018768346,2022-06-22-17-28-17,275.3236446380615,0.0,0.0
4.130843774024702,-0.051609377464221035,0.16503406585380995,4.16029656183193,0.0007484341001679872,2022-06-22-17-28-19,277.44977164268494,0.0,0.0
4.130186612527201,-0.049309353633222835,0.15894106538658384,4.159981257029782,0.0007500935975280057,2022-06-22-17-28-22,279.5595281124115,0.0,0.0
4.130022322153429,-0.04980221588257053,0.15320071446102126,4.159662633229717,0.0007500935970599895,2022-06-22-17-28-24,281.66360449790955,0.0,0.0
4.128872289543797,-0.05095222779803693,0.14714689727345115,4.159334052437837,0.0007600505888733819,2022-06-22-17-28-26,283.75270795822144,0.0,0.0
4.129200870288199,-0.049309353633222835,0.14199429558669446,4.1590071311441825,0.0007617100870985939,2022-06-22-17-28-28,285.8698387145996,0.0,0.0
4.128872289543797,-0.05045936554849602,0.13639108614888934,4.1586719123555165,0.0007600505869230497,2022-06-22-17-28-30,287.9868130683899,0.0,0.0
4.128379418429008,-0.05111651521456906,0.13053318537358594,4.158333374569941,0.0007633695838316572,2022-06-22-17-28-32,290.1190128326416,0.0,0.0
4.128379418429008,-0.05193795229736878,0.12471446787941684,4.157998155782761,0.0007600505854382936,2022-06-22-17-28-34,292.23402166366577,0.0,0.0
4.127229385836285,-0.04815934171839811,0.11932676649916078,4.157644682507948,0.0007650290794773031,2022-06-22-17-28-36,294.36628341674805,0.0,0.0
4.1273936762059495,-0.04963792846611213,0.11356682393261215,4.157302825726998,0.0007567315829806882,2022-06-22-17-28-38,296.47582936286926,0.0,0.0
4.127229385836285,-0.04963792846611213,0.10737586525861247,4.156952671450589,0.0007517530848872788,2022-06-22-17-28-41,298.5799083709717,0.0,0.0
4.126407933991585,-0.05128080263111044,0.10147878120051351,4.156590900682394,0.0007567315798648865,2022-06-22-17-28-43,300.68857765197754,0.0,0.0
4.126407933991585,-0.047830766885672935,0.09593434669069227,4.156227470414995,0.0007550720806595831,2022-06-22-17-28-45,302.7986044883728,0.0,0.0
4.1257507725201705,-0.052759389380401256,0.09003726263006344,4.155862380650545,0.0007567315777118255,2022-06-22-17-28-47,304.9040734767914,0.0,0.0
4.125093611052619,-0.05029507813200085,0.08449282811632292,4.155485674393863,0.0007583910747250508,2022-06-22-17-28-49,307.01010489463806,0.0,0.0
4.1257507725201705,-0.04750219205298402,0.07945777627988897,4.155117265631008,0.0007633695701414814,2022-06-22-17-28-51,309.12198424339294,0.0,0.0
4.125257901419145,-0.04569503047383948,0.07428558295721696,4.154747197370587,0.0007650290677082303,2022-06-22-17-28-53,311.2396733760834,0.0,0.0
4.12476503032029,-0.05473083838063615,0.06801625770909933,4.154370491115017,0.0007683480644558801,2022-06-22-17-28-55,313.363401889801,0.0,0.0
4.124929320686334,-0.0535808264636677,0.06186448231062271,4.153997103857294,0.0007683480639024104,2022-06-22-17-28-57,315.4821808338165,0.0,0.0
4.124600739954489,-0.04898077880037016,0.05632004779898178,4.153608781107827,0.0007600505667394912,2022-06-22-17-29-00,317.5869572162628,0.0,0.0
4.124436449588928,-0.05111651521456906,0.05110867118563945,4.153223777357354,0.000756731567743494,2022-06-22-17-29-02,319.70786476135254,0.0,0.0
4.123779288129099,-0.05226652713055378,0.04534872861471454,4.152838773609154,0.0007567315654709594,2022-06-22-17-29-04,321.81087017059326,0.0,0.0
4.124107868858531,-0.04733790463665313,0.04015694364835603,4.1524521103606125,0.0007550720651294425,2022-06-22-17-29-06,323.9145438671112,0.0,0.0
4.123779288129099,-0.055223700630907466,0.034142309735801867,4.152067106612413,0.0007534125647879256,2022-06-22-17-29-08,326.02481961250305,0.0,0.0
4.123450707400632,-0.05062365296500042,0.02808849254880049,4.151670486370929,0.0007484340660186932,2022-06-22-17-29-10,328.1278238296509,0.0,0.0
4.12328641703676,-0.05045936554849602,0.022818341012624126,4.1512788446276465,0.0007434555678175719,2022-06-22-17-29-12,330.23390436172485,0.0,0.0
4.12295783630974,-0.04996650329903811,0.0172347232168805,4.150873926891868,0.0007368175698062887,2022-06-22-17-29-14,332.36668062210083,0.0,0.0
4.12312212667313,-0.052759389380401256,0.011592330492761153,4.150477306651554,0.0007318390715806125,2022-06-22-17-29-16,334.47013092041016,0.0,0.0
4.12312212667313,-0.05095222779803693,0.005969529412887631,4.150079026912034,0.0007301795723728598,2022-06-22-17-29-19,336.57672786712646,0.0,0.0
4.121807803772771,-0.049309353633222835,0.0005034614657806135,4.149662492685984,0.000738477063627356,2022-06-22-17-29-21,338.6785228252411,0.0,0.0
4.1227935459465925,-0.05292367679703579,-0.005276072747522885,4.149255915451587,0.0007484340552821233,2022-06-22-17-29-23,340.7766149044037,0.0,0.0
4.122300674858596,-0.04980221588257053,-0.010722549054139162,4.14884933821899,0.0007484340534824496,2022-06-22-17-29-25,342.89677381515503,0.0,0.0
4.122300674858596,-0.04684504238771463,-0.015953517302294933,4.1484493989832085,0.000741796056666188,2022-06-22-17-29-27,345.01386761665344,0.0,0.0
4.121807803772771,-0.04766647946932395,-0.02108652734533258,4.148041162253208,0.0007434555540793985,2022-06-22-17-29-29,347.11856842041016,0.0,0.0
4.121807803772771,-0.04766647946932395,-0.026787694984912708,4.147626287526372,0.0007368175572434536,2022-06-22-17-29-31,349.2201204299927,0.0,0.0
4.121807803772771,-0.05128080263111044,-0.032802328890547204,4.147211412799535,0.0007368175572434536,2022-06-22-17-29-33,351.3274428844452,0.0,0.0
4.121479223050092,-0.05292367679703579,-0.03867982131019279,4.146791559576285,0.00073847705522709,2022-06-22-17-29-35,353.4635007381439,0.0,0.0
4.121314932689115,-0.0530879642136797,-0.04492955491406201,4.1463700468544396,0.000740136553822816,2022-06-22-17-29-38,355.56753373146057,0.0,0.0
4.121807803772771,-0.05374511388034918,-0.050689497487487446,4.145958491126026,0.0007401365519792895,2022-06-22-17-29-40,357.6703827381134,0.0,0.0
4.12197209413447,-0.04996650329903811,-0.05597924066418161,4.14554195689936,0.0007351580537266898,2022-06-22-17-29-42,359.77101826667786,0.0,0.0
4.1206577712476165,-0.04914506621679193,-0.06119061727452052,4.1451071681862715,0.0007434555448152311,2022-06-22-17-29-44,361.8731098175049,0.0,0.0
4.12197209413447,-0.04848791655115961,-0.06624526075366843,4.144692293458824,0.0007500935366861691,2022-06-22-17-29-46,363.9876911640167,0.0,0.0
4.12082206160763,-0.04832362913477431,-0.07135867915640405,4.144269121239633,0.0007583910284284635,2022-06-22-17-29-48,366.1037690639496,0.0,0.0
4.1209863519678835,-0.04717361722033127,-0.07668760561136537,4.143845949019818,0.0007583910278042087,2022-06-22-17-29-50,368.20742750167847,0.0,0.0
4.120164900169024,-0.04815934171839811,-0.08162469924235873,4.143409500809433,0.0007617100230691927,2022-06-22-17-29-52,370.29414343833923,0.0,0.0
4.120329190528314,-0.05226652713055378,-0.08730627524820538,4.142978031096063,0.0007600505232102258,2022-06-22-17-29-54,372.39906001091003,0.0,0.0
4.119836319451167,-0.04996650329903811,-0.09310540109780956,4.142531625891623,0.0007550720235964702,2022-06-22-17-29-56,374.5049238204956,0.0,0.0
4.120329190528314,-0.04898077880037016,-0.09868901889197132,4.142096837179816,0.0007534125224203706,2022-06-22-17-29-59,376.6232144832611,0.0,0.0
4.119672029092601,-0.04980221588257053,-0.10437059489375823,4.141648772476804,0.0007534125198156483,2022-06-22-17-30-01,378.755912065506,0.0,0.0
4.120164900169024,-0.05259510196377608,-0.1098562544873865,4.141213983765639,0.0007500935194121843,2022-06-22-17-30-03,380.8540062904358,0.0,0.0
4.120329190528314,-0.05029507813200085,-0.11528313915350966,4.140782514052269,0.0007500935187732701,2022-06-22-17-30-05,382.9607837200165,0.0,0.0
4.119343448376191,-0.05062365296500042,-0.12080798202650923,4.140337768349026,0.0007567315117711987,2022-06-22-17-30-07,385.0619945526123,0.0,0.0
4.119672029092601,-0.0530879642136797,-0.12670506608770415,4.1398963416429195,0.0007600505089066506,2022-06-22-17-30-09,387.18065309524536,0.0,0.0
4.119836319451167,-0.0494736410496629,-0.13205358418745727,4.139449936438479,0.0007550720105731728,2022-06-22-17-30-11,389.2773714065552,0.0,0.0
4.119672029092601,-0.050130790715514864,-0.13718659423416732,4.139010169231592,0.0007484340130196424,2022-06-22-17-30-13,391.363561630249,0.0,0.0
4.119343448376191,-0.051609377464221035,-0.14294653680398986,4.138563764029127,0.000748434011712522,2022-06-22-17-30-15,393.4666585922241,0.0,0.0
4.119014867660745,-0.05095222779803693,-0.1483146465473238,4.138110720831085,0.0007484340103858166,2022-06-22-17-30-18,395.5816135406494,0.0,0.0
4.119343448376191,-0.048652203967554014,-0.15358479808073341,4.137660996630167,0.0007517530075115344,2022-06-22-17-30-20,397.6835227012634,0.0,0.0
4.118357706232745,-0.0494736410496629,-0.1591096409518954,4.137206293935577,0.0007567315011845336,2022-06-22-17-30-22,399.77002906799316,0.0,0.0
4.119343448376191,-0.05341653904699564,-0.16502631665492545,4.136751591236963,0.0007567314971604395,2022-06-22-17-30-24,401.87194538116455,0.0,0.0
