Vbattery, sensor current, sma current, sma Vbattery, error, timestamp, time, supply voltage, supply current, temperature
4.189495453325931,-0.04914506621679193,-0.19980147948952046,4.196432161939589,0.0005339440059408673,2022-06-22-14-17-39,8576.389376401901,0.0,0.0
4.189166872402877,-0.04553074305760742,-0.20036963709256864,4.196357484454679,0.0005339440043465871,2022-06-22-14-17-41,8578.49361371994,0.0,0.0
4.189659743787826,-0.045037880808964745,-0.20107493618576425,4.196286125968886,0.0004928713866043655,2022-06-22-14-17-43,8580.608210086823,0.0,0.0
4.189495453325931,-0.04585931789008048,-0.2020545182595463,4.19622140548206,0.0002464356924742894,2022-06-22-14-17-45,8582.739091396332,0.0,0.0
4.1888382914808036,-0.049309353633222835,-0.20323001674909275,4.196143408997938,0.00041072615375625787,2022-06-22-14-17-47,8584.87105345726,0.0,0.0
4.187852548720468,-0.04898077880037016,-0.2044055152385126,4.196055455516236,0.0005750166130766843,2022-06-22-14-17-49,8586.989845752716,0.0,0.0
4.188674001020135,-0.04700932980401844,-0.20526754746389853,4.195972480533064,0.0006571618417563485,2022-06-22-14-17-51,8589.121437311172,0.0,0.0
4.188674001020135,-0.04717361722033127,-0.20658018744273818,4.195891165049617,0.0006160892262827566,2022-06-22-14-17-54,8591.237054347992,0.0,0.0
4.1888382914808036,-0.045202168225170064,-0.20730507817743082,4.195811509065773,0.0004928713801679585,2022-06-22-14-17-56,8593.36484503746,0.0,0.0
4.188509710559711,-0.04815934171839811,-0.20789282742245468,4.195726874583001,0.00032858092035703557,2022-06-22-14-17-58,8595.496309041977,0.0,0.0
4.188181129639599,-0.04700932980401844,-0.20867649308197986,4.195637261601309,0.00020536307546836774,2022-06-22-14-18-00,8597.613609075546,0.0,0.0
4.188509710559711,-0.04191641990274274,-0.20885281785522689,4.195555946117984,0.00028750830549650885,2022-06-22-14-18-02,8599.726432800293,0.0,0.0
4.187852548720468,-0.04700932980401844,-0.2095777085903456,4.195466333136559,0.0004107261501402615,2022-06-22-14-18-04,8601.86926817894,0.0,0.0
4.188016839179911,-0.048816491383957536,-0.21043974081624242,4.195376720155001,0.0003696535347279539,2022-06-22-14-18-06,8603.989409685135,0.0,0.0
4.18768825826127,-0.05078794038151406,-0.2116544225893007,4.195290426173147,0.000369653534360026,2022-06-22-14-18-08,8606.101630926132,0.0,0.0
4.187031096426929,-0.04815934171839811,-0.2124380882491214,4.1951958346932505,0.0004517987629171216,2022-06-22-14-18-11,8608.21593260765,0.0,0.0
4.187195386885146,-0.04585931789008048,-0.213280528832729,4.195094605214311,0.0003285809176605259,2022-06-22-14-18-13,8610.329408168793,0.0,0.0
4.18768825826127,-0.04750219205298402,-0.21426011090703256,4.19500499223302,0.00041072614683068664,2022-06-22-14-18-15,8612.463500261307,0.0,0.0
4.186866805968956,-0.04766647946932395,-0.2152396929813886,4.194912060252979,0.0005339439902489751,2022-06-22-14-18-17,8614.598375082016,0.0,0.0
4.187359677343609,-0.05062365296500042,-0.2167090660933687,4.194815809273075,0.000492871375326942,2022-06-22-14-18-19,8616.717233657837,0.0,0.0
4.187195386885146,-0.04684504238771463,-0.2174535484699173,4.1947178987935905,0.0004928713753882263,2022-06-22-14-18-21,8618.83631682396,0.0,0.0
4.186538225053746,-0.04635218013885717,-0.21831558069511903,4.194615009815533,0.0005339439892073639,2022-06-22-14-18-23,8620.953222751617,0.0,0.0
4.186538225053746,-0.046516467555134,-0.2192167962032848,4.194517099336635,0.0003285809161288622,2022-06-22-14-18-25,8623.063710451126,0.0,0.0
4.186866805968956,-0.04914506621679193,-0.22029433648545477,4.1944225078568795,0.00028750830126811344,2022-06-22-14-18-28,8625.178636074066,0.0,0.0
4.186538225053746,-0.045037880808964745,-0.2211955519931904,4.194316299879371,0.0003285809154549568,2022-06-22-14-18-30,8627.285682916641,0.0,0.0
4.186702515511228,-0.04668075497141981,-0.22235145884028662,4.194216729900607,0.00020536307197538406,2022-06-22-14-18-32,8629.417287826538,0.0,0.0
4.186373934596507,-0.04438073114423234,-0.22291961644312297,4.194105543424069,0.0002875083006554924,2022-06-22-14-18-34,8631.561299085617,0.0,0.0
4.186209644139516,-0.04487359339276832,-0.2234485907631174,4.193999335446879,0.00024643568610094313,2022-06-22-14-18-36,8633.673739910126,0.0,0.0
4.186209644139516,-0.04980221588257053,-0.2249571471575983,4.193891467969964,0.00016429045729848823,2022-06-22-14-18-38,8635.78745508194,0.0,0.0
4.185716772770008,-0.04454501856040213,-0.22554489640192746,4.193781940993813,0.0002464356853049132,2022-06-22-14-18-40,8637.91807794571,0.0,0.0
4.186045353682768,-0.04799505430203098,-0.2265832534007735,4.1936707545176075,0.0002464356848148608,2022-06-22-14-18-42,8640.048012256622,0.0,0.0
4.186209644139516,-0.04585931789008048,-0.2274452856258376,4.193567865539857,0.0002464356847537985,2022-06-22-14-18-45,8642.178220033646,0.0,0.0
4.184895320492396,-0.04470930597658079,-0.22811140143604242,4.193450041065953,0.0005750165965336951,2022-06-22-14-18-47,8644.294928789139,0.0,0.0
4.185552482313996,-0.04684504238771463,-0.2286011924734159,4.193337195090524,0.0006160892095568027,2022-06-22-14-18-49,8646.43485212326,0.0,0.0
4.186045353682768,-0.045037880808964745,-0.22913016679343853,4.193230987113492,0.0006571618235597931,2022-06-22-14-18-51,8648.550417661667,0.0,0.0
4.185716772770008,-0.05045936554849602,-0.23042321513222158,4.193121460137341,0.0006982344375630056,2022-06-22-14-18-53,8650.681226730347,0.0,0.0
4.185223901402706,-0.048816491383957536,-0.23152034705573785,4.193000316663628,0.0004928713676086716,2022-06-22-14-18-55,8652.8148458004,0.0,0.0
4.185552482313996,-0.04914506621679193,-0.23289176195977113,4.192889130187921,0.00041072614003123675,2022-06-22-14-18-57,8654.928852796555,0.0,0.0
4.184731030037608,-0.04799505430203098,-0.2339888938829929,4.192766327215027,0.0004928713669352103,2022-06-22-14-18-59,8657.058103322983,0.0,0.0
4.1853881918582285,-0.04405215631191933,-0.23416521865636175,4.19265016224032,0.0005750165939002461,2022-06-22-14-19-02,8659.168682813644,0.0,0.0
4.1853881918582285,-0.04569503047383948,-0.23512520908864246,4.19253731626506,0.00045179875207468356,2022-06-22-14-19-04,8661.29783987999,0.0,0.0
4.184731030037608,-0.050130790715514864,-0.23682968189772446,4.192416172791891,0.0005339439794072032,2022-06-22-14-19-06,8663.44488286972,0.0,0.0
4.1850596109474285,-0.04848791655115961,-0.2378876305382005,4.192293369818629,0.00041072613776527156,2022-06-22-14-19-08,8665.561330795288,0.0,0.0
4.184895320492396,-0.05193795229736878,-0.23941577857519927,4.192175545344725,0.00028750829636825515,2022-06-22-14-19-10,8667.679121732712,0.0,0.0
4.184731030037608,-0.04470930597658079,-0.24041495229006207,4.192056061371276,0.00032858091006526813,2022-06-22-14-19-12,8669.805972337723,0.0,0.0
4.184566739583065,-0.049309353633222835,-0.24162963406252874,4.191934917898287,0.00020536306854590514,2022-06-22-14-19-14,8671.921667098999,0.0,0.0
4.1844024491287675,-0.047830766885672935,-0.2425896244954747,4.191807136426588,0.00016429045466526127,2022-06-22-14-19-16,8674.051160812378,0.0,0.0
4.184566739583065,-0.04717361722033127,-0.2437455313427549,4.191687652453318,0.00016429045448163038,2022-06-22-14-19-19,8676.198536634445,0.0,0.0
4.184238158674715,-0.04815934171839811,-0.24437246387074643,4.1915615304815335,0.0002053630678722218,2022-06-22-14-19-21,8678.314043045044,0.0,0.0
4.184073868220906,-0.04306643181519203,-0.24494062147334283,4.191433749010215,0.00020536306768859092,2022-06-22-14-19-23,8680.427171945572,0.0,0.0
4.184238158674715,-0.04487359339276832,-0.24562632892504255,4.191309286538152,0.00020536306756624434,2022-06-22-14-19-25,8682.555161952972,0.0,0.0
4.184073868220906,-0.04733790463665313,-0.24697815218683355,4.191183164566556,0.00020536306744389776,2022-06-22-14-19-27,8684.670671463013,0.0,0.0
4.1844024491287675,-0.049309353633222835,-0.24858466678827948,4.191062021093748,0.00020536306732155118,2022-06-22-14-19-29,8686.796870946884,0.0,0.0
4.183745287314025,-0.04355929406351605,-0.24893731633487645,4.190930920623369,0.00032858090755505387,2022-06-22-14-19-31,8688.914725065231,0.0,0.0
4.184566739583065,-0.04898077880037016,-0.2500932231828368,4.190806458150935,0.0004928713613630009,2022-06-22-14-19-33,8691.033441066742,0.0,0.0
4.183745287314025,-0.04848791655115961,-0.2508377055597871,4.190675357680557,0.000657161815170948,2022-06-22-14-19-36,8693.163611650467,0.0,0.0
4.183909577767344,-0.047830766885672935,-0.2516801461439357,4.190544257209983,0.0006160892015354413,2022-06-22-14-19-38,8695.279240131378,0.0,0.0
4.184073868220906,-0.04898077880037016,-0.25273809478458276,4.190416475738664,0.0004928713612404323,2022-06-22-14-19-40,8697.390414714813,0.0,0.0
4.184073868220906,-0.048816491383957536,-0.254011551481217,4.190290353767068,0.00028750829398038746,2022-06-22-14-19-42,8699.525204658508,0.0,0.0
4.184073868220906,-0.046516467555134,-0.25552010787409946,4.190160912796026,8.214522672034263e-05,2022-06-22-14-19-44,8701.63979268074,0.0,0.0
4.183580996860952,-0.048652203967554014,-0.25661723979755674,4.190028152826121,0.0001642904533791789,2022-06-22-14-19-46,8703.770637750626,0.0,0.0
4.184238158674715,-0.04717361722033127,-0.25718539740091023,4.189902030854336,0.00028750829342927275,2022-06-22-14-19-48,8705.890014886856,0.0,0.0
4.184238158674715,-0.04733790463665313,-0.2584000791725972,4.189774249382827,0.00028750829342927275,2022-06-22-14-19-50,8707.995866775513,0.0,0.0
4.18325241595554,-0.046023605306330415,-0.259418844529331,4.189638170413878,0.0005339439732230389,2022-06-22-14-19-52,8710.109460353851,0.0,0.0
4.183088125503201,-0.05045936554849602,-0.2607902594339544,4.189500431945412,0.00045179874631906536,2022-06-22-14-19-55,8712.218291759491,0.0,0.0
4.183416706408124,-0.04553074305760742,-0.2612996421125899,4.189366012475985,0.00036965351910911437,2022-06-22-14-19-57,8714.3503677845,0.0,0.0
4.18325241595554,-0.046516467555134,-0.2625143238839551,4.189228274007313,0.0004107261322552347,2022-06-22-14-19-59,8716.482223510742,0.0,0.0
4.183088125503201,-0.04799505430203098,-0.2637877805802492,4.189088876039122,0.00020536306554608252,2022-06-22-14-20-01,8718.600387096405,0.0,0.0
4.182595254147654,-0.05128080263111044,-0.2653551118998247,4.188946159072113,0.0002875082913482707,2022-06-22-14-20-03,8720.72411775589,0.0,0.0
4.183088125503201,-0.049309353633222835,-0.2661387775599432,4.188805101604197,0.0003285809040043386,2022-06-22-14-20-05,8722.831108808517,0.0,0.0
4.182759544599258,-0.04635218013885717,-0.2669420348607631,4.188660725137249,0.00036965351684403736,2022-06-22-14-20-07,8724.944060325623,0.0,0.0
4.183088125503201,-0.048652203967554014,-0.26821549155732916,4.188522986668783,0.0004107261297452425,2022-06-22-14-20-09,8727.088361501694,0.0,0.0
4.18325241595554,-0.048816491383957536,-0.26929303183938286,4.188385248200111,0.0003285809039430543,2022-06-22-14-20-12,8729.201135396957,0.0,0.0
4.183088125503201,-0.045037880808964745,-0.27011588078131465,4.188240871732732,0.0002464356781408661,2022-06-22-14-20-14,8731.31524515152,0.0,0.0
4.183088125503201,-0.05045936554849602,-0.2720750449292271,4.188098154765086,0.000164290452155047,2022-06-22-14-20-16,8733.447271823883,0.0,0.0
4.182595254147654,-0.05045936554849602,-0.27344645983385046,4.187953778298354,0.00020536306505603008,2022-06-22-14-20-18,8735.559407234192,0.0,0.0
4.182430963696294,-0.04815934171839811,-0.2742497171351451,4.187801104333191,0.00020536306481133693,2022-06-22-14-20-20,8737.678077697754,0.0,0.0
4.182759544599258,-0.046516467555134,-0.2751509326433109,4.187655068366515,0.00024643567746762685,2022-06-22-14-20-22,8739.805655002594,0.0,0.0
4.182595254147654,-0.048652203967554014,-0.27626765620822885,4.187517329898665,0.0002875082903686099,2022-06-22-14-20-24,8741.920200586319,0.0,0.0
4.182430963696294,-0.048652203967554014,-0.27726682992436774,4.187372953432148,0.00020536306432172857,2022-06-22-14-20-26,8744.034596443176,0.0,0.0
4.182759544599258,-0.043887868895776075,-0.2776978460368753,4.187233555464374,0.00024643567722271165,2022-06-22-14-20-29,8746.144934892654,0.0,0.0
4.182923835051107,-0.05045936554849602,-0.2788537528853983,4.18708751949748,0.00020536306444407515,2022-06-22-14-20-31,8748.274941682816,0.0,0.0
4.182430963696294,-0.046516467555134,-0.27950027705452307,4.1869431430309625,0.00028750829024626334,2022-06-22-14-20-33,8750.390690803528,0.0,0.0
4.182759544599258,-0.04684504238771463,-0.2805386340529808,4.186802085563467,0.0003285809031472464,2022-06-22-14-20-35,8752.501293420792,0.0,0.0
4.18226667324518,-0.04766647946932395,-0.28169454090044566,4.186659368596884,0.0003696535159258829,2022-06-22-14-20-37,8754.622617721558,0.0,0.0
4.181938092343684,-0.04914506621679193,-0.2829288143143045,4.186503375632945,0.0004107261283374797,2022-06-22-14-20-39,8756.754866838455,0.0,0.0
4.18210238279431,-0.05045936554849602,-0.2842806375774693,4.186355680167418,0.00032858090229059833,2022-06-22-14-20-41,8758.884854793549,0.0,0.0
4.181609511443169,-0.05210223971395661,-0.2855149109925345,4.186203006203397,0.0003696535143349333,2022-06-22-14-20-43,8760.992166280746,0.0,0.0
4.18210238279431,-0.05177366488079026,-0.28718020051963183,4.18605531073787,0.0003696535136006318,2022-06-22-14-20-45,8763.107401371002,0.0,0.0
4.18226667324518,-0.04963792846611213,-0.2884144739336901,4.185907615272123,0.0003285809009443419,2022-06-22-14-20-48,8765.221776485443,0.0,0.0
4.181938092343684,-0.047830766885672935,-0.2895116058568531,4.185758260307096,0.0003696535136619161,2022-06-22-14-20-50,8767.363703250885,0.0,0.0
4.18210238279431,-0.0494736410496629,-0.29023649659256123,4.185608905341845,0.00028750828853296717,2022-06-22-14-20-52,8769.506612539291,0.0,0.0
4.181938092343684,-0.0494736410496629,-0.29147077000655286,4.185459550376817,0.00020536306340401822,2022-06-22-14-20-54,8771.630723953247,0.0,0.0
4.181609511443169,-0.047830766885672935,-0.2923915771565705,4.185308535912516,0.00024643567581539294,2022-06-22-14-20-56,8773.748376131058,0.0,0.0
4.181773801893304,-0.04914506621679193,-0.29315565117516507,4.185160840447431,0.00020536306297547213,2022-06-22-14-20-58,8775.862141609192,0.0,0.0
4.181445220993278,-0.04438073114423234,-0.2933319759485529,4.185057951474133,0.0002464356753257846,2022-06-22-14-21-00,8777.973093509674,0.0,0.0
4.181609511443169,-0.04750219205298402,-0.2931360595333734,4.184960040999617,0.0002464356751421537,2022-06-22-14-21-02,8780.103166341782,0.0,0.0
4.18226667324518,-0.04569503047383948,-0.29313605953337335,4.1848754065216465,0.00032858090051601785,2022-06-22-14-21-05,8782.247736930847,0.0,0.0
4.18226667324518,-0.04914506621679193,-0.29303810132574276,4.184802388541032,0.0002875082879820745,2022-06-22-14-21-07,8784.366053581238,0.0,0.0
4.1811166400942295,-0.048816491383957536,-0.2929989180426982,4.184717754063944,0.0004928713507130755,2022-06-22-14-21-09,8786.49720621109,0.0,0.0
4.180952349645073,-0.04980221588257053,-0.29350830072205325,4.184634779086592,0.0004928713505294446,2022-06-22-14-21-11,8788.6089220047,0.0,0.0
4.181445220993278,-0.04421644372807142,-0.293410342514584,4.184551804108869,0.00045179873707779095,2022-06-22-14-21-13,8790.731080770493,0.0,0.0
4.18210238279431,-0.0494736410496629,-0.2938413586278842,4.184477126628751,0.0006160891873356888,2022-06-22-14-21-15,8792.874877214432,0.0,0.0
4.180952349645073,-0.04700932980401844,-0.2935670756466479,4.184397470650612,0.0006160891869071428,2022-06-22-14-21-17,8794.993853330612,0.0,0.0
4.18013089740296,-0.047830766885672935,-0.2934299341560184,4.184319474172656,0.0007803796351464332,2022-06-22-14-21-19,8797.106988668442,0.0,0.0
4.181609511443169,-0.04832362913477431,-0.29358666728812743,4.184248115692082,0.0010268153081474107,2022-06-22-14-21-22,8799.21863937378,0.0,0.0
4.180952349645073,-0.0461878927225893,-0.29346911743908444,4.184170119213545,0.0010268153074133313,2022-06-22-14-21-24,8801.330262422562,0.0,0.0
4.181280930543631,-0.045037880808964745,-0.2934495257975874,4.184093782234381,0.0008214522447436146,2022-06-22-14-21-26,8803.459441661835,0.0,0.0
4.1811166400942295,-0.046516467555134,-0.29325360938247264,4.184019104754931,0.0006571617965656085,2022-06-22-14-21-28,8805.608301401138,0.0,0.0
4.180623768747494,-0.04585931789008048,-0.29311646789193374,4.183942767776223,0.0004107261231973691,2022-06-22-14-21-30,8807.721646308899,0.0,0.0
4.180788059196161,-0.050130790715514864,-0.2940960499670841,4.183864771297803,0.00028750828584023225,2022-06-22-14-21-32,8809.832100629807,0.0,0.0
4.180623768747494,-0.04668075497141981,-0.29405686668406766,4.183791753318278,0.0002464356733675732,2022-06-22-14-21-34,8811.959476947784,0.0,0.0
4.1804594782990705,-0.04684504238771463,-0.29382176698589113,4.183715416339683,0.0002464356731231021,2022-06-22-14-21-36,8814.063105583191,0.0,0.0
4.180623768747494,-0.04536645564138428,-0.2931752428158506,4.1836440578597465,0.00016429044854504582,2022-06-22-14-21-39,8816.225861549377,0.0,0.0
4.1804594782990705,-0.049309353633222835,-0.29331238430649526,4.183577677878656,0.0001642904484842056,2022-06-22-14-21-41,8818.352681875229,0.0,0.0
4.1811166400942295,-0.04700932980401844,-0.29344952579703415,4.18351627639592,0.000287508285107263,2022-06-22-14-21-43,8820.482652425766,0.0,0.0
4.180295187850893,-0.04290214439910159,-0.29290095983510145,4.183441598917027,0.0004517987338354956,2022-06-22-14-21-45,8822.597545146942,0.0,0.0
4.1811166400942295,-0.04569503047383948,-0.29266586013701534,4.183383516433444,0.0006160891825637282,2022-06-22-14-21-47,8824.742360591888,0.0,0.0
4.180623768747494,-0.04717361722033127,-0.29225443566505804,4.183315476952676,0.0006982344071417845,2022-06-22-14-21-49,8826.858326673508,0.0,0.0
4.1798023165078275,-0.04832362913477431,-0.29243076043867583,4.183240799474118,0.0007393070182686312,2022-06-22-14-21-51,8828.969007253647,0.0,0.0
4.180295187850893,-0.043887868895776075,-0.2921368858162202,4.1831777384922715,0.0006571617932009666,2022-06-22-14-21-53,8831.079005718231,0.0,0.0
4.18013089740296,-0.04684504238771463,-0.2921760690992346,4.183113018010949,0.0004928713443501653,2022-06-22-14-21-56,8833.195786714554,0.0,0.0
4.180295187850893,-0.04766647946932395,-0.2919997443255681,4.18304663802996,0.0004107261196495404,2022-06-22-14-21-58,8835.322359085083,0.0,0.0
4.180295187850893,-0.051445090047661096,-0.2927638183447499,4.182983577048112,0.00020536305973295477,2022-06-22-14-22-00,8837.432104349136,0.0,0.0
4.1798023165078275,-0.043395006647399245,-0.2923719855148195,4.1829138780682795,0.00020536305973295477,2022-06-22-14-22-02,8839.574309587479,0.0,0.0
4.1798023165078275,-0.050130790715514864,-0.29305769296770406,4.182847498087586,0.00016429044774968204,2022-06-22-14-22-04,8841.68484544754,0.0,0.0
4.1798023165078275,-0.04766647946932395,-0.2933907508732806,4.182782777606458,0.00012321783576640932,2022-06-22-14-22-06,8843.794904708862,0.0,0.0
4.18013089740296,-0.050130790715514864,-0.29342993415633833,4.182721376124271,0.00020536305954954592,2022-06-22-14-22-08,8845.924934625626,0.0,0.0
4.1798023165078275,-0.04815934171839811,-0.29386095026944936,4.182661634141824,0.0001642904475662732,2022-06-22-14-22-10,8848.050163507462,0.0,0.0
4.18013089740296,-0.04898077880037016,-0.2939785001185636,4.1826018921592,0.0002464356713494098,2022-06-22-14-22-13,8850.214199543,0.0,0.0
4.179966606955271,-0.04980221588257053,-0.29444869951491714,4.18253883117754,0.00028750828327162026,2022-06-22-14-22-15,8852.323069572449,0.0,0.0
4.179473735613673,-0.04980221588257053,-0.2950560404017573,4.182484067693918,0.0003285808948880753,2022-06-22-14-22-17,8854.439778804779,0.0,0.0
4.179473735613673,-0.04848791655115961,-0.2952519568168936,4.182422666212095,0.0002464356711049387,2022-06-22-14-22-19,8856.569709777832,0.0,0.0
4.179473735613673,-0.04832362913477431,-0.2956437896470373,4.1823562862316,0.0001642904473218021,2022-06-22-14-22-21,8858.6984603405,0.0,0.0
4.179309445166963,-0.0461878927225893,-0.2951344069675697,4.18229156575076,0.00016429044707710894,2022-06-22-14-22-23,8860.80233669281,0.0,0.0
4.18013089740296,-0.048816491383957536,-0.2951344069675697,4.182240121265915,0.0002464356706768367,2022-06-22-14-22-25,8862.93046092987,0.0,0.0
4.179966606955271,-0.04750219205298402,-0.29493849055239013,4.182183698282493,0.00028750828259904715,2022-06-22-14-22-27,8865.057889938354,0.0,0.0
4.179638026060627,-0.050130790715514864,-0.29519318189218724,4.182132253797877,0.0003696535062600592,2022-06-22-14-22-30,8867.176815748215,0.0,0.0
4.179309445166963,-0.05177366488079026,-0.2961139890434088,4.182070852316147,0.0004107261179986388,2022-06-22-14-22-32,8869.304034948349,0.0,0.0
4.179473735613673,-0.0494736410496629,-0.2965645967982103,4.182011110333879,0.0002464356706768367,2022-06-22-14-22-34,8871.44116473198,0.0,0.0
4.179966606955271,-0.04487359339276832,-0.29593766426980733,4.181962984848198,0.0003285808941542179,2022-06-22-14-22-36,8873.600681304932,0.0,0.0
4.179145154720497,-0.04750219205298402,-0.2958201144207126,4.181903242866109,0.0004517987291867698,2022-06-22-14-22-38,8875.716962575912,0.0,0.0
4.179145154720497,-0.045202168225170064,-0.29501685711840653,4.181845160383564,0.0003696535057706729,2022-06-22-14-22-40,8877.8332965374,0.0,0.0
4.179145154720497,-0.04898077880037016,-0.2955262397976216,4.181788737400564,0.0003285808940931556,2022-06-22-14-22-42,8879.959570646286,0.0,0.0
4.178980864274275,-0.04684504238771463,-0.29523236517487655,4.181732314417647,0.00024643567024895674,2022-06-22-14-22-44,8882.104954242706,0.0,0.0
4.1786522833825686,-0.050130790715514864,-0.2955066481561889,4.181674231935363,0.00012321783448210333,2022-06-22-14-22-47,8884.219379901886,0.0,0.0
4.178980864274275,-0.04717361722033127,-0.2955066481561888,4.181617808952445,0.0002053630574088139,2022-06-22-14-22-49,8886.349966287613,0.0,0.0
4.178980864274275,-0.04454501856040213,-0.29507563204307785,4.1815647049686016,0.0002053630574088139,2022-06-22-14-22-51,8888.477350950241,0.0,0.0
4.179145154720497,-0.05062365296500042,-0.2959768475524617,4.181514919983749,0.0002053630574088139,2022-06-22-14-22-53,8890.594221115112,0.0,0.0
4.179145154720497,-0.04898077880037016,-0.29646663859018185,4.181463475499364,0.00012321783448210333,2022-06-22-14-22-55,8892.737478256226,0.0,0.0
4.1788165738283,-0.04750219205298402,-0.2964862302316938,4.181410371515601,0.00012321783460467195,2022-06-22-14-22-57,8894.845115661621,0.0,0.0
4.1788165738283,-0.04585931789008048,-0.2960748057599186,4.181353948532767,0.00012321783460467195,2022-06-22-14-22-59,8896.980434179306,0.0,0.0
4.179309445166963,-0.046023605306330415,-0.2963686803823425,4.181309142046433,0.0002053630577150134,2022-06-22-14-23-01,8899.083144664764,0.0,0.0
4.1786522833825686,-0.046516467555134,-0.29607480575962986,4.181249400064611,0.00036965350381357176,2022-06-22-14-23-04,8901.21038389206,0.0,0.0
4.178980864274275,-0.04635218013885717,-0.2958201144199737,4.18120127457936,0.00036965350369100314,2022-06-22-14-23-06,8903.340227365494,0.0,0.0
4.178980864274275,-0.04914506621679193,-0.295976847552126,4.181151489594582,0.00036965350369100314,2022-06-22-14-23-08,8905.460542917252,0.0,0.0
4.178487992937081,-0.04700932980401844,-0.2957417478539365,4.181095066611917,0.0003696535033239634,2022-06-22-14-23-10,8907.577601909637,0.0,0.0
4.179309445166963,-0.047830766885672935,-0.2956241980048288,4.181046941126523,0.00041072611469594733,2022-06-22-14-23-12,8909.688577890396,0.0,0.0
4.1788165738283,-0.046023605306330415,-0.2955654230803153,4.1809938371427595,0.000451798726434971,2022-06-22-14-23-14,8911.801356554031,0.0,0.0
4.178323702491838,-0.04585931789008048,-0.29523236517462936,4.180940733159233,0.0005750165605504787,2022-06-22-14-23-16,8913.933973789215,0.0,0.0
4.178980864274275,-0.04553074305760742,-0.29503644875957913,4.18088762917539,0.0006160891718611783,2022-06-22-14-23-18,8916.0639462471,0.0,0.0
4.177995121602087,-0.05029507813200085,-0.29538909830696114,4.180824568194859,0.0006571617824377984,2022-06-22-14-23-21,8918.207813501358,0.0,0.0
4.178487992937081,-0.04963792846611213,-0.29582011442028516,4.180776442709824,0.0006571617815205322,2022-06-22-14-23-23,8920.32044506073,0.0,0.0
4.178159412046839,-0.04405215631191933,-0.2950560404013561,4.180726657725415,0.0006160891699653614,2022-06-22-14-23-25,8922.434881210327,0.0,0.0
4.177995121602087,-0.04766647946932395,-0.29531073174094236,4.180671894242526,0.0004928713355440983,2022-06-22-14-23-27,8924.549414396286,0.0,0.0
4.178323702491838,-0.04668075497141981,-0.295330323382449,4.180622109258044,0.00032858088993470425,2022-06-22-14-23-29,8926.676961660385,0.0,0.0
4.177995121602087,-0.04700932980401844,-0.2952127735333738,4.180570664774194,0.00028750827862400463,2022-06-22-14-23-31,8928.81837940216,0.0,0.0
4.177995121602087,-0.04799505430203098,-0.29482094070284015,4.180524198788886,0.00020536305606366767,2022-06-22-14-23-33,8930.947068452835,0.0,0.0
4.178487992937081,-0.050130790715514864,-0.2949188989104762,4.180477732803369,0.00028750827862400463,2022-06-22-14-23-35,8933.059639453888,0.0,0.0
4.177995121602087,-0.04898077880037016,-0.29523236517469437,4.180429607318549,0.00032858088993470425,2022-06-22-14-23-38,8935.170774698257,0.0,0.0
4.177666540713313,-0.04963792846611213,-0.2953499150238347,4.180374843835823,0.0003285808896904552,2022-06-22-14-23-40,8937.287243366241,0.0,0.0
4.177830831157578,-0.04848791655115961,-0.2953107317407944,4.180320080353016,0.0003696535007566837,2022-06-22-14-23-42,8939.464146852493,0.0,0.0
4.178323702491838,-0.04668075497141981,-0.2955066481558127,4.180271954868052,0.00036965350057327484,2022-06-22-14-23-44,8941.58334851265,0.0,0.0
4.1786522833825686,-0.04914506621679193,-0.2953499150235906,4.180227148381984,0.0003285808895074904,2022-06-22-14-23-46,8943.712142705917,0.0,0.0
4.177830831157578,-0.049309353633222835,-0.2952127735328924,4.180179022897237,0.0004517987235617138,2022-06-22-14-23-48,8945.841458559036,0.0,0.0
4.177830831157578,-0.043395006647399245,-0.2946446159293539,4.180132556911997,0.0004107261124954853,2022-06-22-14-23-50,8947.973637580872,0.0,0.0
4.177995121602087,-0.04635218013885717,-0.29462502428784837,4.1800844314271774,0.00032858089005771696,2022-06-22-14-23-52,8950.102142810822,0.0,0.0
4.177830831157578,-0.04421644372807142,-0.2940960499671973,4.180036305942428,0.0002875082785023242,2022-06-22-14-23-55,8952.218694448471,0.0,0.0
4.177502250269292,-0.047830766885672935,-0.2939980917596103,4.179986520958318,0.00016429044432597628,2022-06-22-14-23-57,8954.332523822784,0.0,0.0
4.177995121602087,-0.048816491383957536,-0.29458584100476226,4.179938395473497,0.0002875082775246618,2022-06-22-14-23-59,8956.450753211975,0.0,0.0
4.177502250269292,-0.04553074305760742,-0.2939980917592875,4.179883631990852,0.00036965349959605653,2022-06-22-14-24-01,8958.5994515419,0.0,0.0
4.177173669381986,-0.04799505430203098,-0.29417441653288584,4.17983052800788,0.0004107261102952453,2022-06-22-14-24-03,8960.72481060028,0.0,0.0
4.177009378938699,-0.04766647946932395,-0.2942723747404405,4.17977244552646,0.00036965349904560796,2022-06-22-14-24-05,8962.84215760231,0.0,0.0
4.177337959825517,-0.04717361722033127,-0.29421359981590445,4.179722660542424,0.0003285808875514995,2022-06-22-14-24-07,8964.971770524979,0.0,0.0
4.177337959825517,-0.050130790715514864,-0.29433114966506446,4.179676194557392,0.000205363054352814,2022-06-22-14-24-09,8967.10398221016,0.0,0.0
4.177666540713313,-0.04980221588257053,-0.29425278309894465,4.179631388071725,0.00020536305447516057,2022-06-22-14-24-12,8969.21596288681,0.0,0.0
4.177337959825517,-0.048652203967554014,-0.2938413586267806,4.179588241085688,0.0002464356656022293,2022-06-22-14-24-14,8971.327790021896,0.0,0.0
4.177502250269292,-0.04750219205298402,-0.29333197594708654,4.179541775100588,0.00020536305484131212,2022-06-22-14-24-16,8973.441408872604,0.0,0.0
4.177173669381986,-0.04454501856040213,-0.29272463506027974,4.179490330617121,0.00028750827666779166,2022-06-22-14-24-18,8975.54916357994,0.0,0.0
4.177666540713313,-0.046516467555134,-0.29256790192819654,4.1794471836309555,0.0003285808875506113,2022-06-22-14-24-20,8977.65720295906,0.0,0.0
4.176516507610306,-0.04750219205298402,-0.2923328022299681,4.179390760649298,0.0005339439413534208,2022-06-22-14-24-22,8979.758286952972,0.0,0.0
4.177173669381986,-0.04438073114423234,-0.29172546134319455,4.179342635164837,0.0006571617733297508,2022-06-22-14-24-24,8981.88496017456,0.0,0.0
4.177337959825517,-0.046023605306330415,-0.29150995328659796,4.179299488178802,0.0006160891623860909,2022-06-22-14-24-26,8984.001576900482,0.0,0.0
4.177009378938699,-0.04766647946932395,-0.2913336285129315,4.179251362694411,0.0005750165512590222,2022-06-22-14-24-29,8986.16943359375,0.0,0.0
4.177502250269292,-0.05128080263111044,-0.29215647745655265,4.1792115347073,0.0004107261081556235,2022-06-22-14-24-31,8988.284302949905,0.0,0.0
4.177502250269292,-0.04487359339276832,-0.2918430111924892,4.179170047220695,0.00024643566523563365,2022-06-22-14-24-33,8990.418926477432,0.0,0.0
4.1766807980528595,-0.04273785698301992,-0.2914903616456471,4.179113624238955,0.0004107261084609348,2022-06-22-14-24-35,8992.527388334274,0.0,0.0
4.176845088495657,-0.049309353633222835,-0.2915099532871711,4.179058860756636,0.0003696534974557686,2022-06-22-14-24-37,8994.64013504982,0.0,0.0
4.176516507610306,-0.048816491383957536,-0.29150995328717105,4.179012394771951,0.000328580886145291,2022-06-22-14-24-39,8996.774829864502,0.0,0.0
4.177830831157578,-0.049309353633222835,-0.29145117836259266,4.178980864282178,0.0006571617729631551,2022-06-22-14-24-41,8998.887049674988,0.0,0.0
4.1766807980528595,-0.04585931789008048,-0.29164709477755774,4.178932738797932,0.0007393069950345499,2022-06-22-14-24-43,9000.973372936249,0.0,0.0
4.177009378938699,-0.05111651521456906,-0.29184301119286826,4.178881294314541,0.000780379605795023,2022-06-22-14-24-45,9003.091882705688,0.0,0.0
4.177173669381986,-0.046023605306330415,-0.2917254613438317,4.178843125827036,0.000739306995279021,2022-06-22-14-24-48,9005.188568592072,0.0,0.0
4.176352217167998,-0.046516467555134,-0.29156872821174856,4.178804957339816,0.000616089161958211,2022-06-22-14-24-50,9007.303557634354,0.0,0.0
4.176845088495657,-0.0494736410496629,-0.2917058697024008,4.178756831855497,0.000451798717693519,2022-06-22-14-24-52,9009.414890050888,0.0,0.0
4.176352217167998,-0.04454501856040213,-0.2915099532874145,4.178710365870881,0.0004928713281484587,2022-06-22-14-24-54,9011.528617858887,0.0,0.0
4.177009378938699,-0.045037880808964745,-0.2915099532874145,4.178667218884972,0.000616089160001998,2022-06-22-14-24-56,9013.640505075455,0.0,0.0
4.176516507610306,-0.050130790715514864,-0.29194096940081,4.178620752900287,0.0005339439386031763,2022-06-22-14-24-58,9015.779750823975,0.0,0.0
4.176352217167998,-0.04963792846611213,-0.2923915771556363,4.178577605914636,0.000451798717265417,2022-06-22-14-25-00,9017.911703824997,0.0,0.0
4.176516507610306,-0.04733790463665313,-0.29205851924978476,4.17853445892892,0.0003696534959276576,2022-06-22-14-25-02,9020.038473844528,0.0,0.0
4.1766807980528595,-0.04569503047383948,-0.29194096940076103,4.178494630942105,0.0002464356638907095,2022-06-22-14-25-05,9022.154876947403,0.0,0.0
4.176023636284113,-0.0494736410496629,-0.292254435665031,4.178449824457106,0.00028750827397905354,2022-06-22-14-25-07,9024.268319606781,0.0,0.0
4.176023636284113,-0.05062365296500042,-0.2928813681935377,4.178403358472627,0.0002464356634019893,2022-06-22-14-25-09,9026.413467645645,0.0,0.0
4.176187926725933,-0.04733790463665313,-0.29264626849532216,4.178360211487041,0.00024643566327986477,2022-06-22-14-25-11,9028.526932477951,0.0,0.0
4.176516507610306,-0.04454501856040213,-0.2923523938728027,4.178313745502355,0.0002875082737348045,2022-06-22-14-25-13,9030.640594482422,0.0,0.0
4.1756950554012064,-0.04750219205298402,-0.2929009598347355,4.178267279518014,0.00032858088382314854,2022-06-22-14-25-15,9032.770280361176,0.0,0.0
4.175859345842538,-0.04898077880037016,-0.2932927926649652,4.178214175535674,0.0003696534941559637,2022-06-22-14-25-17,9034.901224136353,0.0,0.0
4.175859345842538,-0.04980221588257053,-0.29360625892926995,4.178166050051786,0.000328580883701024,2022-06-22-14-25-19,9037.03061056137,0.0,0.0
4.1756950554012064,-0.04273785698301992,-0.2929401431182787,4.17812456256586,0.0002875082729405509,2022-06-22-14-25-22,9039.147738933563,0.0,0.0
4.175859345842538,-0.048652203967554014,-0.29350830072191003,4.178079756080927,0.00012321783099844552,2022-06-22-14-25-24,9041.270880699158,0.0,0.0
4.176187926725933,-0.04438073114423234,-0.2932144260994066,4.178039928094291,0.0001642904415144475,2022-06-22-14-25-26,9043.38776397705,0.0,0.0
4.176187926725933,-0.050130790715514864,-0.29350830072223305,4.17799844060818,0.0001642904415144475,2022-06-22-14-25-28,9045.519316673279,0.0,0.0
4.176023636284113,-0.0461878927225893,-0.29288136819355276,4.177955293622657,0.00016429044163657203,2022-06-22-14-25-30,9047.64770579338,0.0,0.0
4.176187926725933,-0.04963792846611213,-0.29362585057078705,4.1779187846349615,0.00016429044175869656,2022-06-22-14-25-32,9049.768461704254,0.0,0.0
4.175859345842538,-0.04569503047383948,-0.29309687624987446,4.177878956648443,0.00016429044175869656,2022-06-22-14-25-34,9051.851274728775,0.0,0.0
4.175530764960119,-0.04372358147964166,-0.29262667685385574,4.1778358096631125,0.00024643566236326464,2022-06-22-14-25-36,9053.96726822853,0.0,0.0
4.176187926725933,-0.04750219205298402,-0.2923132105895162,4.177795981676477,0.00036965349336171016,2022-06-22-14-25-38,9056.081100225449,0.0,0.0
4.175366474519277,-0.04750219205298402,-0.29223484402345745,4.1777511751917435,0.0005339439345708463,2022-06-22-14-25-41,9058.211700439453,0.0,0.0
4.1756950554012064,-0.04750219205298402,-0.29205851924980075,4.177706368706876,0.0005339439342044727,2022-06-22-14-25-43,9060.324570417404,0.0,0.0
4.175859345842538,-0.045037880808964745,-0.29149036164595143,4.177664881220889,0.0004928713239327198,2022-06-22-14-25-45,9062.44032382965,0.0,0.0
4.175859345842538,-0.05062365296500042,-0.2915883198536039,4.177628372233301,0.0003285808824793346,2022-06-22-14-25-47,9064.585086107254,0.0,0.0
4.1756950554012064,-0.04717361722033127,-0.2914315867214862,4.177590203746306,0.0001642904411480739,2022-06-22-14-25-49,9066.716930627823,0.0,0.0
4.174873603198216,-0.050130790715514864,-0.2916470947782495,4.177543737762312,0.00028750827141332813,2022-06-22-14-25-51,9068.832514762878,0.0,0.0
4.1756950554012064,-0.04750219205298402,-0.29180382791031545,4.177507228774778,0.00045179871182821074,2022-06-22-14-25-53,9070.950424194336,0.0,0.0
4.174873603198216,-0.04438073114423234,-0.2912748535896355,4.177454124792912,0.0006571617625759085,2022-06-22-14-25-55,9073.077891349792,0.0,0.0
4.175202184078679,-0.04848791655115961,-0.2913924034387302,4.17740599930931,0.0006982343723589413,2022-06-22-14-25-58,9075.207057476044,0.0,0.0
4.174873603198216,-0.04766647946932395,-0.29109852881590376,4.177357873825851,0.0005750165417270914,2022-06-22-14-26-00,9077.325848817825,0.0,0.0
4.175202184078679,-0.04766647946932395,-0.2906087377777227,4.177316386340111,0.0004517987110952415,2022-06-22-14-26-02,9079.440440177917,0.0,0.0
4.174873603198216,-0.04750219205298402,-0.29037363807949423,4.1772699203561166,0.0003285808804633916,2022-06-22-14-26-04,9081.558414459229,0.0,0.0
4.175366474519277,-0.04848791655115961,-0.2908046541926524,4.177223454371914,0.00036965349061279795,2022-06-22-14-26-06,9083.686778306961,0.0,0.0
4.175202184078679,-0.046516467555134,-0.2906871043435965,4.1771836263856335,0.0003285808806463564,2022-06-22-14-26-08,9085.828498601913,0.0,0.0
4.175037893638326,-0.04668075497141981,-0.2908634291171177,4.177142138899954,0.00028750827061885253,2022-06-22-14-26-10,9087.943387746811,0.0,0.0
4.175202184078679,-0.04553074305760742,-0.2904520046453878,4.177102310913672,0.0002464356605913487,2022-06-22-14-26-12,9090.059708833694,0.0,0.0
4.174709312758351,-0.047830766885672935,-0.29056955449445665,4.177059163928663,0.0002464356604081619,2022-06-22-14-26-15,9092.173540115356,0.0,0.0
4.175202184078679,-0.04766647946932395,-0.2902756798716301,4.177024314440745,0.000328580880340823,2022-06-22-14-26-17,9094.300862312317,0.0,0.0
4.175037893638326,-0.0461878927225893,-0.29015813002258717,4.176984486454524,0.000328580880340823,2022-06-22-14-26-19,9096.429437875748,0.0,0.0
4.175366474519277,-0.04536645564138428,-0.290256088230067,4.1769479774670994,0.00036965349049022933,2022-06-22-14-26-21,9098.547024965286,0.0,0.0
4.174709312758351,-0.05062365296500042,-0.290256088230067,4.176903170982633,0.00041072610063963566,2022-06-22-14-26-23,9100.65200471878,0.0,0.0
4.174873603198216,-0.04569503047383948,-0.2898642553998373,4.176860023997558,0.00032858088052378776,2022-06-22-14-26-25,9102.767710924149,0.0,0.0
4.174873603198216,-0.04963792846611213,-0.29011894673959193,4.176820196011396,0.0002875082704354437,2022-06-22-14-26-27,9104.877439260483,0.0,0.0
4.174545022318731,-0.04766647946932395,-0.2903344547961767,4.17677704902645,0.00028750827006884805,2022-06-22-14-26-29,9107.008555173874,0.0,0.0
4.175037893638326,-0.04815934171839811,-0.2905891461358049,4.176733902041312,0.0002464356597360329,2022-06-22-14-26-31,9109.123401165009,0.0,0.0
4.174709312758351,-0.04914506621679193,-0.29090261240004034,4.176694074055209,0.0002875082697635367,2022-06-22-14-26-34,9111.277043104172,0.0,0.0
4.174873603198216,-0.04585931789008048,-0.29084383747553005,4.176652586569593,0.00032858087972975625,2022-06-22-14-26-36,9113.390768051147,0.0,0.0
4.174709312758351,-0.05029507813200085,-0.2909809789662206,4.176609439584584,0.00028750826982482103,2022-06-22-14-26-38,9115.523167133331,0.0,0.0
4.174545022318731,-0.05078794038151406,-0.2914315867212215,4.17656961159854,0.00020536304983109765,2022-06-22-14-26-40,9117.652022123337,0.0,0.0
4.174545022318731,-0.04635218013885717,-0.2912552619476329,4.176521486115224,0.00012321782983737428,2022-06-22-14-26-42,9119.797222852707,0.0,0.0
4.174873603198216,-0.051445090047661096,-0.2919017861178166,4.176481658129061,0.0001642904397423095,2022-06-22-14-26-44,9121.905015707016,0.0,0.0
4.174545022318731,-0.04750219205298402,-0.2920977025328883,4.176443489642464,0.00020536304964724472,2022-06-22-14-26-46,9124.032723903656,0.0,0.0
4.1742164414402225,-0.04750219205298402,-0.29233280223096153,4.1763953641592915,0.00024643565936943723,2022-06-22-14-26-49,9126.161103487015,0.0,0.0
4.1742164414402225,-0.04668075497141981,-0.29190178611754225,4.176357195672808,0.00024643565936943723,2022-06-22-14-26-51,9128.288362026215,0.0,0.0
4.174380731879355,-0.04536645564138428,-0.2913924034382152,4.176315708187376,0.0002053630492813152,2022-06-22-14-26-53,9130.402570009232,0.0,0.0
4.174052151001334,-0.04454501856040213,-0.2914511783626904,4.1762742207020676,0.0002053630489153857,2022-06-22-14-26-55,9132.503789186478,0.0,0.0
4.174545022318731,-0.049309353633222835,-0.29164709477788076,4.176239371214358,0.0002464356586375782,2022-06-22-14-26-57,9134.649698019028,0.0,0.0
4.1742164414402225,-0.04306643181519203,-0.2912160786649806,4.176197883728988,0.00032858087826470594,2022-06-22-14-26-59,9136.767531871796,0.0,0.0
4.173723570124292,-0.0494736410496629,-0.2915099532877419,4.176154736744364,0.0004107260974643978,2022-06-22-14-27-01,9138.899878025055,0.0,0.0
4.173887860562691,-0.04848791655115961,-0.2915687282122941,4.176113249259117,0.0003696534875590185,2022-06-22-14-27-03,9141.028490304947,0.0,0.0
4.173723570124292,-0.04700932980401844,-0.2911964870234218,4.1760651237761595,0.0002875082678095442,2022-06-22-14-27-06,9143.158738613129,0.0,0.0
4.1742164414402225,-0.04832362913477431,-0.2911181204573413,4.176026955289676,0.00032858087716514106,2022-06-22-14-27-08,9145.305217981339,0.0,0.0
4.173887860562691,-0.04700932980401844,-0.2908046541930539,4.175988786803305,0.00028750826756529513,2022-06-22-14-27-10,9147.4192507267,0.0,0.0
4.1742164414402225,-0.046516467555134,-0.29056955449490324,4.175952277816261,0.00032858087734832786,2022-06-22-14-27-12,9149.538003444672,0.0,0.0
4.1742164414402225,-0.045202168225170064,-0.29039322972138204,4.175910790330891,0.00028750826774848193,2022-06-22-14-27-14,9151.65442943573,0.0,0.0
4.174380731879355,-0.046023605306330415,-0.29002098853263314,4.175867643346011,0.00020536304854879006,2022-06-22-14-27-16,9153.778338432312,0.0,0.0
4.174709312758351,-0.04733790463665313,-0.2897858888344176,4.17583611285713,0.00020536304891494161,2022-06-22-14-27-18,9155.91259431839,0.0,0.0
4.174052151001334,-0.046516467555134,-0.29015813002284135,4.175797944370704,0.0002875082687863184,2022-06-22-14-27-20,9158.039785861969,0.0,0.0
4.1742164414402225,-0.048816491383957536,-0.2904520046455378,4.17575977588422,0.0003285808785085109,2022-06-22-14-27-23,9160.155524253845,0.0,0.0
4.173887860562691,-0.05111651521456906,-0.29127485358911354,4.175719947898412,0.00036965348810835685,2022-06-22-14-27-25,9162.254926204681,0.0,0.0
4.173723570124292,-0.04717361722033127,-0.2911964870230634,4.175681779412101,0.00032858087795917257,2022-06-22-14-27-27,9164.385299682617,0.0,0.0
4.174052151001334,-0.04290214439910159,-0.29049118792899564,4.1756419514262335,0.0002464356579654492,2022-06-22-14-27-29,9166.529094934464,0.0,0.0
4.173887860562691,-0.04766647946932395,-0.290745879268582,4.175605442439298,0.00024643565790394284,2022-06-22-14-27-31,9168.639016389847,0.0,0.0
4.173887860562691,-0.048652203967554014,-0.29082424583465377,4.175572252451223,0.00016429043852106417,2022-06-22-14-27-33,9170.773217201233,0.0,0.0
4.173887860562691,-0.04963792846611213,-0.2910593455328953,4.175540721962578,0.00012321782892121824,2022-06-22-14-27-35,9172.89038491249,0.0,0.0
4.173723570124292,-0.049309353633222835,-0.2913140368726217,4.175504212975697,8.214521926053209e-05,2022-06-22-14-27-37,9175.019864082336,0.0,0.0
4.1735592796861365,-0.04635218013885717,-0.29086342911772073,4.175466044489441,8.21452191386296e-05,2022-06-22-14-27-40,9177.161890268326,0.0,0.0
4.17323069881056,-0.047830766885672935,-0.2906283294194661,4.175421238005574,0.0001642904380327881,2022-06-22-14-27-42,9179.291704416275,0.0,0.0
4.17323069881056,-0.04750219205298402,-0.2904911879288518,4.175379750520577,0.0001642904380327881,2022-06-22-14-27-44,9181.403978586197,0.0,0.0
4.1735592796861365,-0.04815934171839811,-0.2905695544949106,4.175339922534888,0.00020536304732710065,2022-06-22-14-27-46,9183.516689538956,0.0,0.0
4.173887860562691,-0.0461878927225893,-0.2907654709098969,4.175306732546813,0.0002464356569269466,2022-06-22-14-27-48,9185.624163866043,0.0,0.0
4.17323069881056,-0.04635218013885717,-0.29074587926839135,4.175261926062948,0.0003285808760655762,2022-06-22-14-27-50,9187.735915660858,0.0,0.0
4.1730664083731375,-0.04684504238771463,-0.2906675127023498,4.175227076575704,0.00036965348542117304,2022-06-22-14-27-52,9189.868212223053,0.0,0.0
4.1733949892482265,-0.04733790463665313,-0.2910201622493828,4.175188908089504,0.00036965348529927056,2022-06-22-14-27-54,9191.984819412231,0.0,0.0
4.1733949892482265,-0.04668075497141981,-0.291098528815403,4.175149080103875,0.00028750826616064096,2022-06-22-14-27-56,9194.099394798279,0.0,0.0
4.1735592796861365,-0.046516467555134,-0.29096138732483395,4.175114230616475,0.00016429043760535222,2022-06-22-14-27-59,9196.21119594574,0.0,0.0
4.1730664083731375,-0.05045936554849602,-0.29086342911715946,4.175069424132675,0.0002464356564995107,2022-06-22-14-28-01,9198.34116101265,0.0,0.0
4.17290211793596,-0.04815934171839811,-0.29125526194728174,4.17502295814951,0.00020536304702156727,2022-06-22-14-28-03,9200.45696258545,0.0,0.0
4.1730664083731375,-0.048816491383957536,-0.2919801526828318,4.174986449162846,0.0002464356563158798,2022-06-22-14-28-05,9202.588152170181,0.0,0.0
4.17323069881056,-0.046516467555134,-0.29164709477707235,4.174949940176129,0.00024643565619397734,2022-06-22-14-28-07,9204.699141979218,0.0,0.0
4.1733949892482265,-0.04898077880037016,-0.2916666864185941,4.174918409687623,0.00016429043736088111,2022-06-22-14-28-09,9206.819257974625,0.0,0.0
4.1735592796861365,-0.04700932980401844,-0.2913924034373579,4.174875262703064,0.0001642904375440679,2022-06-22-14-28-11,9208.931151151657,0.0,0.0
4.172409246625891,-0.04536645564138428,-0.29133362851285716,4.174832115718953,0.0004107260933110535,2022-06-22-14-28-13,9211.036986589432,0.0,0.0
4.172573537062337,-0.04996650329903811,-0.29119648702212825,4.174787309235354,0.0004107260930668044,2022-06-22-14-28-16,9213.152585029602,0.0,0.0
4.1733949892482265,-0.0461878927225893,-0.2912160786636317,4.174749140749154,0.0005750165301225962,2022-06-22-14-28-18,9215.266803979874,0.0,0.0
4.172737827499026,-0.04355929406351605,-0.2908634291166944,4.174712631762597,0.0006982343579451378,2022-06-22-14-28-20,9217.35396361351,0.0,0.0
4.17323069881056,-0.04980221588257053,-0.2909026123997477,4.17467612277588,0.0005339439207672214,2022-06-22-14-28-22,9219.45643043518,0.0,0.0
4.172737827499026,-0.045037880808964745,-0.29096138732423243,4.174639613789325,0.0006160891395392554,2022-06-22-14-28-24,9221.570402622223,0.0,0.0
4.17323069881056,-0.04848791655115961,-0.29137281179589464,4.174601445303183,0.0005339439209501862,2022-06-22-14-28-26,9223.674140930176,0.0,0.0
4.1730664083731375,-0.04487359339276832,-0.2907458792674916,4.174566595815939,0.00041072609300574214,2022-06-22-14-28-28,9225.822515249252,0.0,0.0
4.172737827499026,-0.0461878927225893,-0.2903344547956711,4.174530086829383,0.0003696534836501453,2022-06-22-14-28-30,9227.957123756409,0.0,0.0
4.172573537062337,-0.04421644372807142,-0.2899622136071463,4.1744902588440524,0.0002875082649391736,2022-06-22-14-28-32,9230.085500955582,0.0,0.0
4.172737827499026,-0.05062365296500042,-0.2905499628526536,4.17445043085866,0.0002053630462282019,2022-06-22-14-28-35,9232.202929735184,0.0,0.0
4.172409246625891,-0.04635218013885717,-0.2901777216638637,4.174413921872212,0.0002464356551563629,2022-06-22-14-28-37,9234.321050167084,0.0,0.0
4.17323069881056,-0.04668075497141981,-0.2897075222673801,4.174385710382581,0.00036965348279571764,2022-06-22-14-28-39,9236.434859752655,0.0,0.0
4.172737827499026,-0.04684504238771463,-0.2896487473428506,4.174350860895441,0.0004517987015066893,2022-06-22-14-28-41,9238.571823358536,0.0,0.0
4.1733949892482265,-0.046023605306330415,-0.28982507211633346,4.174319330406934,0.0005750165296343202,2022-06-22-14-28-43,9240.672019958496,0.0,0.0
4.17224495618969,-0.046516467555134,-0.2897075222672776,4.17428448091995,0.0007803795759846466,2022-06-22-14-28-45,9242.780187129974,0.0,0.0
4.172409246625891,-0.05128080263111044,-0.28998180524869693,4.174249631432913,0.0006160891388677925,2022-06-22-14-28-47,9244.889052391052,0.0,0.0
4.172409246625891,-0.048816491383957536,-0.28986425539955013,4.174214781945876,0.0004928713109844107,2022-06-22-14-28-49,9247.000537872314,0.0,0.0
4.1730664083731375,-0.04487359339276832,-0.29011894673890176,4.174188229955694,0.0004928713104959126,2022-06-22-14-28-51,9249.116582155228,0.0,0.0
4.17224495618969,-0.04848791655115961,-0.29009935509738216,4.174151720969301,0.0004107260917236566,2022-06-22-14-28-54,9251.202388763428,0.0,0.0
4.171916375318021,-0.04635218013885717,-0.29033445479536574,4.174108573985382,0.00045179870059075533,2022-06-22-14-28-56,9253.337016105652,0.0,0.0
4.172737827499026,-0.047830766885672935,-0.2900601718140534,4.174073724498242,0.000657161745842183,2022-06-22-14-28-58,9255.473842859268,0.0,0.0
4.172573537062337,-0.04470930597658079,-0.28988384704056097,4.174038875011154,0.0005339439182030503,2022-06-22-14-29-00,9257.588370084763,0.0,0.0
4.172409246625891,-0.04700932980401844,-0.28957038077627356,4.174000706525295,0.0003696534814525698,2022-06-22-14-29-02,9259.708271741867,0.0,0.0
4.172409246625891,-0.046516467555134,-0.28966833898379074,4.173965857038257,0.00028750826353518555,2022-06-22-14-29-04,9261.839738368988,0.0,0.0
4.1730664083731375,-0.04766647946932395,-0.2901385383798094,4.173940964547479,0.00024643565509530063,2022-06-22-14-29-06,9263.969516992569,0.0,0.0
4.172409246625891,-0.046023605306330415,-0.28996221360624,4.17390279606162,0.0003696534827344333,2022-06-22-14-29-08,9266.12199807167,0.0,0.0
4.172573537062337,-0.043395006647399245,-0.28947242256876043,4.1738745845721565,0.0003696534827344333,2022-06-22-14-29-11,9268.237287044525,0.0,0.0
4.172080665753733,-0.04372358147964166,-0.2890218148142548,4.173838075585818,0.0004928713098852899,2022-06-22-14-29-13,9270.367663621902,0.0,0.0
4.17224495618969,-0.046516467555134,-0.28919813958776636,4.173801566599426,0.00036965348206297044,2022-06-22-14-29-15,9272.508699655533,0.0,0.0
4.17224495618969,-0.047830766885672935,-0.28886508168185926,4.173765057613034,0.00020536304525142768,2022-06-22-14-29-17,9274.626793146133,0.0,0.0
4.172080665753733,-0.04963792846611213,-0.28915895630463684,4.173728548626697,0.00020536304512930315,2022-06-22-14-29-19,9276.756704092026,0.0,0.0
4.171752084882552,-0.048816491383957536,-0.28900222317243224,4.173697018138658,0.00016429043577370628,2022-06-22-14-29-21,9278.858309030533,0.0,0.0
4.172573537062337,-0.05029507813200085,-0.2893352810783023,4.173665487650387,0.00032858087173059936,2022-06-22-14-29-23,9280.95396900177,0.0,0.0
4.17224495618969,-0.04733790463665313,-0.28968793062533527,4.173638935660402,0.0004107260898922327,2022-06-22-14-29-25,9283.089349985123,0.0,0.0
4.171752084882552,-0.04454501856040213,-0.28921773122918837,4.173604086173572,0.0004928713076874924,2022-06-22-14-29-28,9285.1934299469,0.0,0.0
4.171916375318021,-0.04733790463665313,-0.2891785479461632,4.173574215184884,0.00045179869875933143,2022-06-22-14-29-30,9287.311191082,0.0,0.0
4.172409246625891,-0.04635218013885717,-0.28902181481408873,4.173546003695462,0.0003696534807808849,2022-06-22-14-29-32,9289.446830034256,0.0,0.0
4.171423504012347,-0.047830766885672935,-0.28906099809711594,4.173511154208736,0.0005339439160052528,2022-06-22-14-29-34,9291.552484989166,0.0,0.0
4.172080665753733,-0.045037880808964745,-0.2886495736254538,4.173477964221205,0.0005750165245672623,2022-06-22-14-29-36,9293.672505378723,0.0,0.0
4.17224495618969,-0.04750219205298402,-0.2887671234745096,4.173448093232428,0.0005750165246893868,2022-06-22-14-29-38,9295.790359973907,0.0,0.0
4.172080665753733,-0.048652203967554014,-0.2890022231726732,4.173418222243694,0.0004928713067109403,2022-06-22-14-29-40,9297.896115779877,0.0,0.0
4.171916375318021,-0.05259510196377608,-0.2898446637581593,4.1733850322562125,0.0002875082622531,2022-06-22-14-29-42,9300.019969463348,0.0,0.0
4.171587794447328,-0.04372358147964166,-0.2893548727206264,4.173353501768222,0.00020536304457974275,2022-06-22-14-29-45,9302.147119283676,0.0,0.0
4.171423504012347,-0.04553074305760742,-0.28910018138104016,4.173315333282703,0.00020536304433571573,2022-06-22-14-29-47,9304.269302129745,0.0,0.0
4.171916375318021,-0.04470930597658079,-0.2889238566075477,4.17328380279462,0.0002875082617648239,2022-06-22-14-29-49,9306.378632068634,0.0,0.0
4.171752084882552,-0.04799505430203098,-0.2892373228716626,4.173247293808389,0.00028750826170376165,2022-06-22-14-29-51,9308.494150876999,0.0,0.0
4.171916375318021,-0.04799505430203098,-0.28892385660727077,4.173219082319093,0.0002464356528977252,2022-06-22-14-29-53,9310.602770805359,0.0,0.0
4.171587794447328,-0.04553074305760742,-0.28890426496577054,4.17318589233171,0.00028750826182566414,2022-06-22-14-29-55,9312.707006931305,0.0,0.0
4.171423504012347,-0.04799505430203098,-0.28870834855055844,4.173151042844984,0.00020536304415252893,2022-06-22-14-29-57,9314.817272424698,0.0,0.0
4.171259213577612,-0.04980221588257053,-0.2889630398903272,4.1731178528577,0.00020536304396934213,2022-06-22-14-29-59,9316.952149868011,0.0,0.0
4.171259213577612,-0.048652203967554014,-0.28902181481488265,4.173079684372238,0.0001642904351022434,2022-06-22-14-30-01,9319.0601375103,0.0,0.0
4.172080665753733,-0.04470930597658079,-0.28849284049414475,4.173053132382294,0.0002875082614595126,2022-06-22-14-30-04,9321.196821212769,0.0,0.0
4.171094923143119,-0.04815934171839811,-0.2887671234752753,4.173014963896889,0.0004928713053677924,2022-06-22-14-30-06,9323.308035850525,0.0,0.0
4.171094923143119,-0.04733790463665313,-0.2884144739278932,4.172978454910877,0.0004517986966838805,2022-06-22-14-30-08,9325.4130423069,0.0,0.0
4.171587794447328,-0.04635218013885717,-0.2878854996068636,4.172948583922277,0.0005750165227360604,2022-06-22-14-30-10,9327.522572755814,0.0,0.0
4.171259213577612,-0.04700932980401844,-0.28796386617289227,4.172915393934993,0.0004517986961347642,2022-06-22-14-30-12,9329.640857458115,0.0,0.0
4.170930632708871,-0.04832362913477431,-0.2875916249838542,4.172875565950252,0.00028750826066636925,2022-06-22-14-30-14,9331.765612840652,0.0,0.0
4.171587794447328,-0.049309353633222835,-0.28780713304055766,4.1728456949616515,0.0004517986952805586,2022-06-22-14-30-16,9333.892556905746,0.0,0.0
4.1707663422748675,-0.04668075497141981,-0.2877091748330084,4.172810845475133,0.0005339439123435152,2022-06-22-14-30-18,9335.998779535294,0.0,0.0
4.171094923143119,-0.046516467555134,-0.2876895831915018,4.172779314987284,0.0005339439119773637,2022-06-22-14-30-20,9338.085611104965,0.0,0.0
4.170930632708871,-0.048652203967554014,-0.2880814160216884,4.172744465500713,0.000492871303354292,2022-06-22-14-30-23,9340.169838190079,0.0,0.0
4.17027347097432,-0.05078794038151406,-0.28882589839920875,4.172706297015592,0.0004928713023779618,2022-06-22-14-30-25,9342.288216590881,0.0,0.0
4.171094923143119,-0.048816491383957536,-0.28876712347464023,4.17267144752897,0.000492871301462694,2022-06-22-14-30-27,9344.395154953003,0.0,0.0
4.170930632708871,-0.05029507813200085,-0.2896291557009597,4.172638257541784,0.0004517986929617468,2022-06-22-14-30-29,9346.501019001007,0.0,0.0
4.1707663422748675,-0.043887868895776075,-0.2889630398897141,4.1726083865534065,0.00045179869290068453,2022-06-22-14-30-31,9348.605115413666,0.0,0.0
4.1707663422748675,-0.05128080263111044,-0.2892960977956956,4.172576856065651,0.0002875082592628253,2022-06-22-14-30-33,9350.716825723648,0.0,0.0
4.170602051841108,-0.05177366488079026,-0.2898642553999225,4.172545325577942,0.00012321782550284155,2022-06-22-14-30-35,9352.827118635178,0.0,0.0
4.171094923143119,-0.048816491383957536,-0.2899230303244812,4.172513795090092,0.00020536304244367365,2022-06-22-14-30-37,9354.938530683517,0.0,0.0
4.171423504012347,-0.049309353633222835,-0.29019731330571746,4.172488902599685,0.0002464356512497101,2022-06-22-14-30-39,9357.066005706787,0.0,0.0
4.170930632708871,-0.0461878927225893,-0.29015813002270746,4.172455712612499,0.0003696534771187032,2022-06-22-14-30-42,9359.192147254944,0.0,0.0
4.170437761407592,-0.04684504238771463,-0.2903540464377363,4.17241754412732,0.0004517986939986951,2022-06-22-14-30-44,9361.312257051468,0.0,0.0
4.170930632708871,-0.04799505430203098,-0.29058914613584824,4.172382694640751,0.00045179869381573035,2022-06-22-14-30-46,9363.422630310059,0.0,0.0
4.171259213577612,-0.048652203967554014,-0.2907458792679745,4.172347845154077,0.00045179869369382786,2022-06-22-14-30-48,9365.54548239708,0.0,0.0
4.171587794447328,-0.05193795229736878,-0.291392403438266,4.172322952663632,0.00041072608525394294,2022-06-22-14-30-50,9367.670869350433,0.0,0.0
4.170602051841108,-0.04635218013885717,-0.2910985288155696,4.172286443677782,0.0005339439114890876,2022-06-22-14-30-52,9369.789152622223,0.0,0.0
4.1707663422748675,-0.04963792846611213,-0.2909222040417852,4.172254913190026,0.0004517986946090957,2022-06-22-14-30-54,9371.91128540039,0.0,0.0
4.170109180541293,-0.04585931789008048,-0.2907654709097364,4.17221840420434,0.0005339439108176247,2022-06-22-14-30-56,9374.02251625061,0.0,0.0
4.170437761407592,-0.04257356956694701,-0.29072628762677294,4.172181895218545,0.0005339439099631971,2022-06-22-14-30-59,9376.128389120102,0.0,0.0
4.1707663422748675,-0.04914506621679193,-0.2909026124004394,4.172150364730789,0.00036965347522710523,2022-06-22-14-31-00,9377.175348520279,0.0,0.0
4.17027347097432,-0.05095222779803693,-0.2911768953818281,4.172113855745049,0.00045179869192413236,2022-06-22-14-31-02,9379.286412239075,0.0,0.0
4.170437761407592,-0.046023605306330415,-0.2907458792685042,4.172079006258633,0.0003285808668485046,2022-06-22-14-31-04,9381.410002946854,0.0,0.0
4.170930632708871,-0.04799505430203098,-0.2905891461363432,4.172050794769589,0.0003696534755937009,2022-06-22-14-31-06,9383.548643827438,0.0,0.0
4.171094923143119,-0.05292367679703579,-0.2913728117974128,4.172025902279255,0.0003285808673367807,2022-06-22-14-31-08,9385.667413711548,0.0,0.0
4.170437761407592,-0.04980221588257053,-0.2916079114956674,4.171997690790336,0.0003696534760817549,2022-06-22-14-31-10,9387.781673669815,0.0,0.0
4.170437761407592,-0.04733790463665313,-0.2915883198541554,4.171969479301418,0.0003285808677637725,2022-06-22-14-31-12,9389.878072023392,0.0,0.0
4.170109180541293,-0.04914506621679193,-0.2917058697032761,4.171934629815106,0.00028750825901857624,2022-06-22-14-31-14,9391.985646009445,0.0,0.0
4.170109180541293,-0.04536645564138428,-0.2916079114957697,4.171896461330042,0.0002464356504565668,2022-06-22-14-31-16,9394.096997022629,0.0,0.0
4.16994489010851,-0.04585931789008048,-0.29154913657125947,4.1718632713431525,0.00012321782477053844,2022-06-22-14-31-19,9396.215241193771,0.0,0.0
4.170930632708871,-0.04635218013885717,-0.2914903616467396,4.171841697851594,0.0003696534748609537,2022-06-22-14-31-21,9398.354708909988,0.0,0.0
4.17027347097432,-0.04717361722033127,-0.2914707700052286,4.1718101673639785,0.00045179869192413236,2022-06-22-14-31-23,9400.475774049759,0.0,0.0
4.170109180541293,-0.05193795229736878,-0.29209770253401346,4.17177697737704,0.0004928713001808305,2022-06-22-14-31-25,9402.588480472565,0.0,0.0
4.170437761407592,-0.04914506621679193,-0.2924111687982489,4.1717454468893775,0.0005339439085596531,2022-06-22-14-31-27,9404.69367647171,0.0,0.0
4.1707663422748675,-0.04700932980401844,-0.2919997443263145,4.171722213898486,0.0003696534752881675,2022-06-22-14-31-29,9406.807510852814,0.0,0.0
4.1697805996759705,-0.047830766885672935,-0.29196056104328294,4.171690683411011,0.00045179869137457196,2022-06-22-14-31-31,9408.926588058472,0.0,0.0
4.170602051841108,-0.04487359339276832,-0.2914903616470845,4.171665790920789,0.0006160891244022526,2022-06-22-14-31-33,9411.080867290497,0.0,0.0
4.16994489010851,-0.04799505430203098,-0.2916666864206829,4.1716326009339,0.0006982343409771552,2022-06-22-14-31-36,9413.217692136765,0.0,0.0
4.170109180541293,-0.04815934171839811,-0.291568728213085,4.171599410946961,0.0006571617323540835,2022-06-22-14-31-38,9415.339371919632,0.0,0.0
4.170109180541293,-0.046023605306330415,-0.29145117836404844,4.1715645614606505,0.0004107260826298198,2022-06-22-14-31-40,9417.468448638916,0.0,0.0
4.1697805996759705,-0.04832362913477431,-0.291803827911197,4.171538009471257,0.00028750825767609456,2022-06-22-14-31-42,9419.582659482956,0.0,0.0
4.170109180541293,-0.04815934171839811,-0.29158831985444567,4.171513116981145,0.00020536304085716495,2022-06-22-14-31-44,9421.70840382576,0.0,0.0
4.169616309243675,-0.04815934171839811,-0.29182341955257046,4.171474948496251,0.000287508257065916,2022-06-22-14-31-46,9423.814090251923,0.0,0.0
4.170109180541293,-0.05029507813200085,-0.29262667685443366,4.171448396506779,0.0004107260814705249,2022-06-22-14-31-48,9425.92263174057,0.0,0.0
4.170109180541293,-0.04668075497141981,-0.29225443566560255,4.171416866019212,0.0003285808651398714,2022-06-22-14-31-50,9428.044692516327,0.0,0.0
4.169616309243675,-0.047830766885672935,-0.2925874935711973,4.171385335531783,0.0003696534732138268,2022-06-22-14-31-53,9430.165766716003,0.0,0.0
4.169616309243675,-0.04306643181519203,-0.29194096940165315,4.171348826546259,0.00024643564880921787,2022-06-22-14-31-55,9432.283802509308,0.0,0.0
4.169616309243675,-0.04421644372807142,-0.29186260283567983,4.171313977060103,0.00012321782440460893,2022-06-22-14-31-57,9434.440630435944,0.0,0.0
4.169616309243675,-0.047830766885672935,-0.29205851925077303,4.171282446572675,0.00012321782440460893,2022-06-22-14-31-59,9436.54511475563,0.0,0.0
4.16994489010851,-0.04832362913477431,-0.29254831028838596,4.171255894583243,8.214521620875104e-05,2022-06-22-14-32-01,9438.644953012466,0.0,0.0
4.169123437948253,-0.04421644372807142,-0.29178423626941485,4.171219385597881,0.0002875082562729947,2022-06-22-14-32-03,9440.754463911057,0.0,0.0
4.170109180541293,-0.04963792846611213,-0.29217606909973093,4.171196152607129,0.0005339439045330963,2022-06-22-14-32-05,9442.889735460281,0.0,0.0
4.169616309243675,-0.04963792846611213,-0.29252871864703484,4.171159643621604,0.0006571617289377052,2022-06-22-14-32-07,9445.00470328331,0.0,0.0
4.1697805996759705,-0.04454501856040213,-0.2922544356660242,4.171129772633493,0.0006160891208029096,2022-06-22-14-32-10,9447.171825647354,0.0,0.0
4.169287728379816,-0.04799505430203098,-0.2924895353641361,4.171088285149973,0.0005339439047773453,2022-06-22-14-32-12,9449.297290802002,0.0,0.0
4.168794857085858,-0.04815934171839811,-0.29268545177925076,4.171053435664075,0.00041072608000658484,2022-06-22-14-32-14,9451.402943849564,0.0,0.0
4.169287728379816,-0.046516467555134,-0.2921172941751187,4.171021905176741,0.000410726079091317,2022-06-22-14-32-16,9453.510369300842,0.0,0.0
4.1697805996759705,-0.04766647946932395,-0.29198015268449684,4.170995353187347,0.000492871295056041,2022-06-22-14-32-18,9455.63425397873,0.0,0.0
4.169123437948253,-0.05062365296500042,-0.2926658601374946,4.170955525203258,0.0005339439029468096,2022-06-22-14-32-20,9457.786699533463,0.0,0.0
4.168794857085858,-0.051609377464221035,-0.29303810132655356,4.17092067571736,0.000492871295056041,2022-06-22-14-32-22,9459.906014680862,0.0,0.0
4.169123437948253,-0.04898077880037016,-0.2933515675907717,4.1708924642287775,0.0004517986871652724,2022-06-22-14-32-24,9462.026431798935,0.0,0.0
4.169287728379816,-0.04750219205298402,-0.2933123843077445,4.170857614742724,0.00036965347101736157,2022-06-22-14-32-26,9464.116703033447,0.0,0.0
4.169616309243675,-0.04717361722033127,-0.29360625893027986,4.170827743754657,0.00028750825505263755,2022-06-22-14-32-29,9466.227395534515,0.0,0.0
4.168959147516933,-0.04668075497141981,-0.29356707564726336,4.1707928942687085,0.0003696534711394861,2022-06-22-14-32-31,9468.328580379486,0.0,0.0
4.169287728379816,-0.04553074305760742,-0.29344952579824607,4.170761363781374,0.00036965347126161063,2022-06-22-14-32-33,9470.447043895721,0.0,0.0
4.1697805996759705,-0.04832362913477431,-0.2935278923643092,4.170728173794533,0.00045179868740952145,2022-06-22-14-32-35,9472.586082696915,0.0,0.0
4.169452018811623,-0.045037880808964745,-0.29341034251531106,4.17069830280651,0.000451798687531646,2022-06-22-14-32-37,9474.694761276245,0.0,0.0
4.169287728379816,-0.04848791655115961,-0.29401768340188544,4.170665112819818,0.00032858086379805584,2022-06-22-14-32-39,9476.798149824142,0.0,0.0
4.169123437948253,-0.04553074305760742,-0.2942331914583179,4.170635241831884,0.00028750825596812746,2022-06-22-14-32-41,9478.903404951096,0.0,0.0
4.168466276224439,-0.04996650329903811,-0.29464461593018393,4.170597073347386,0.000328580862882788,2022-06-22-14-32-43,9481.014679908752,0.0,0.0
4.168959147516933,-0.05111651521456906,-0.2950364487606957,4.170563883360792,0.000369653469919351,2022-06-22-14-32-46,9483.139421701431,0.0,0.0
4.168137695363996,-0.05062365296500042,-0.29515399860987535,4.170524055377057,0.0005339439002016722,2022-06-22-14-32-48,9485.248690605164,0.0,0.0
4.169123437948253,-0.0461878927225893,-0.2948405323456745,4.170497503387822,0.000739306938374984,2022-06-22-14-32-50,9487.400007724762,0.0,0.0
4.169287728379816,-0.04799505430203098,-0.29456624936434694,4.17046431340113,0.0006160891153124126,2022-06-22-14-32-52,9489.49626159668,0.0,0.0
4.168959147516933,-0.04963792846611213,-0.29484053234561364,4.170431123414536,0.000575016507909698,2022-06-22-14-32-54,9491.620633125305,0.0,0.0
4.169123437948253,-0.04963792846611213,-0.29544787323242044,4.170404571425301,0.0004107260775054744,2022-06-22-14-32-56,9493.728474617004,0.0,0.0
4.168959147516933,-0.04553074305760742,-0.29523236517585927,4.170374700437411,0.00020536303927132238,2022-06-22-14-32-58,9495.852106332779,0.0,0.0
4.168959147516933,-0.04717361722033127,-0.29533032338339776,4.170339850951462,0.00016429043138055377,2022-06-22-14-33-00,9497.962750911713,0.0,0.0
4.168794857085858,-0.05062365296500042,-0.2956633812893048,4.170313298962305,0.00012321782342850085,2022-06-22-14-33-02,9500.068432092667,0.0,0.0
4.168959147516933,-0.04668075497141981,-0.29585929770432307,4.170281768475064,0.00012321782336721654,2022-06-22-14-33-05,9502.172612190247,0.0,0.0
4.168794857085858,-0.04766647946932395,-0.2958788893458361,4.170246918989167,0.00012321782330593223,2022-06-22-14-33-07,9504.320432662964,0.0,0.0
4.168794857085858,-0.04700932980401844,-0.29568297293068907,4.170213729002623,0.00012321782330593223,2022-06-22-14-33-09,9506.43842792511,0.0,0.0
4.169123437948253,-0.046516467555134,-0.29495808219422026,4.170185517514039,0.00016429043113586062,2022-06-22-14-33-11,9508.542680501938,0.0,0.0
4.168630566655026,-0.04799505430203098,-0.29546746487326836,4.170155646526238,0.0002464356466738149,2022-06-22-14-33-13,9510.665649652481,0.0,0.0
4.168794857085858,-0.04733790463665313,-0.29568297292982954,4.170129094537082,0.0002464356466131967,2022-06-22-14-33-15,9512.782527446747,0.0,0.0
4.168630566655026,-0.048652203967554014,-0.2961531723260022,4.170095904550587,0.0002875082543212226,2022-06-22-14-33-17,9514.916217803955,0.0,0.0
4.168137695363996,-0.048816491383957536,-0.2962511305335947,4.170059395565551,0.0003285808614801322,2022-06-22-14-33-19,9517.04152560234,0.0,0.0
4.168959147516933,-0.04700932980401844,-0.29613358068451945,4.170029524577662,0.0004107260764076859,2022-06-22-14-33-22,9519.162587165833,0.0,0.0
4.168794857085858,-0.046516467555134,-0.29625113053353674,4.170001313089162,0.00041072607646830406,2022-06-22-14-33-24,9521.250473737717,0.0,0.0
4.168630566655026,-0.04799505430203098,-0.29625113053353674,4.1699731016007044,0.00041072607646830406,2022-06-22-14-33-26,9523.354000329971,0.0,0.0
4.168630566655026,-0.05029507813200085,-0.296309905458125,4.169946549611588,0.000287508253710822,2022-06-22-14-33-28,9525.467416286469,0.0,0.0
4.168466276224439,-0.048816491383957536,-0.2963294970996456,4.169918338123172,0.00012321782312341156,2022-06-22-14-33-30,9527.574868917465,0.0,0.0
4.168466276224439,-0.04980221588257053,-0.29693683798648585,4.169881829138028,8.214521535476749e-05,2022-06-22-14-33-32,9529.71011376381,0.0,0.0
4.168466276224439,-0.04980221588257053,-0.2971327544017089,4.16985527714895,4.107260764674159e-05,2022-06-22-14-33-34,9531.844591379166,0.0,0.0
4.168466276224439,-0.04635218013885717,-0.2970152045526595,4.1698287251598725,4.107260764674159e-05,2022-06-22-14-33-36,9533.966877937317,0.0,0.0
4.167809114504529,-0.048652203967554014,-0.2972894875338352,4.1697905566756015,0.00016429042997767596,2022-06-22-14-33-38,9536.084724664688,0.0,0.0
4.168794857085858,-0.049309353633222835,-0.2975637705150715,4.169765664185786,0.0004107260753101194,2022-06-22-14-33-41,9538.218198776245,0.0,0.0
4.167809114504529,-0.045202168225170064,-0.2971915293264248,4.169734133698873,0.0006571617206425628,2022-06-22-14-33-43,9540.341728687286,0.0,0.0
4.168137695363996,-0.04553074305760742,-0.2967409215716481,4.169699284213183,0.0007393069355094983,2022-06-22-14-33-45,9542.460217475891,0.0,0.0
4.167809114504529,-0.046516467555134,-0.29672132993014144,4.169669413225604,0.0006571617203987579,2022-06-22-14-33-47,9544.576725244522,0.0,0.0
4.168137695363996,-0.04914506621679193,-0.2970347961943769,4.169639542237936,0.0004928712899332499,2022-06-22-14-33-49,9546.716584205627,0.0,0.0
4.16797340493414,-0.04553074305760742,-0.29666255500568933,4.169609671250313,0.00028750825206480535,2022-06-22-14-33-51,9548.836724758148,0.0,0.0
4.168301985794096,-0.047830766885672935,-0.2963099054582485,4.169589757258594,0.00028750825218670784,2022-06-22-14-33-53,9550.956555128098,0.0,0.0
4.167644824075161,-0.04914506621679193,-0.2963490887412931,4.169554907773058,0.0003696534670534213,2022-06-22-14-33-55,9553.091209411621,0.0,0.0
4.168630566655026,-0.04848791655115961,-0.2961335806845178,4.1695316747826165,0.0005339438971527777,2022-06-22-14-33-58,9555.198644399643,0.0,0.0
4.168466276224439,-0.047830766885672935,-0.2966037800805621,4.169508441792208,0.0005339438973355204,2022-06-22-14-34-00,9557.314687252045,0.0,0.0
4.168466276224439,-0.04733790463665313,-0.29613358068397394,4.1694852088018,0.0004517986823466824,2022-06-22-14-34-02,9559.448411941528,0.0,0.0
4.168137695363996,-0.05078794038151406,-0.2960160308347479,4.169460316312132,0.00036965346772377394,2022-06-22-14-34-04,9561.558765411377,0.0,0.0
4.168466276224439,-0.04996650329903811,-0.2961531723254231,4.169433764323054,0.00020536303786822252,2022-06-22-14-34-06,9563.683729171753,0.0,0.0
4.168137695363996,-0.048652203967554014,-0.29607480575933387,4.169400574336707,0.0002464356453322214,2022-06-22-14-34-08,9565.799972295761,0.0,0.0
4.168137695363996,-0.048816491383957536,-0.29638827202353485,4.169372362848375,0.0002464356453322214,2022-06-22-14-34-10,9567.968052387238,0.0,0.0
4.168137695363996,-0.047830766885672935,-0.2965058218726036,4.169349129858037,0.00016429043022148093,2022-06-22-14-34-12,9570.087043762207,0.0,0.0
4.168301985794096,-0.05128080263111044,-0.2968976547031373,4.169322577868998,0.00012321782263557957,2022-06-22-14-34-15,9572.191977500916,0.0,0.0
4.167644824075161,-0.04766647946932395,-0.29678010485403605,4.169286068884126,0.00020536303725848803,2022-06-22-14-34-17,9574.301275014877,0.0,0.0
4.168137695363996,-0.04684504238771463,-0.2961727639667589,4.169251219398435,0.00032858085946729787,2022-06-22-14-34-19,9576.42101931572,0.0,0.0
4.167809114504529,-0.04700932980401844,-0.29625113053278757,4.169223007910187,0.00041072607433423336,2022-06-22-14-34-21,9578.554505348206,0.0,0.0
4.168301985794096,-0.047830766885672935,-0.29603562247606013,4.169198115420481,0.0004928712892011688,2022-06-22-14-34-23,9580.65972661972,0.0,0.0
4.167480533646037,-0.045202168225170064,-0.2959572559100614,4.16917156343164,0.000533943896482203,2022-06-22-14-34-25,9582.795720815659,0.0,0.0
4.168137695363996,-0.04668075497141981,-0.2964470469474084,4.169148330441302,0.0005750165037632371,2022-06-22-14-34-27,9584.904412269592,0.0,0.0
4.168466276224439,-0.046023605306330415,-0.2960748057586595,4.169125097450893,0.0005750165040070421,2022-06-22-14-34-29,9587.010403633118,0.0,0.0
4.167151952788521,-0.04733790463665313,-0.2956437896451445,4.169093566964167,0.0007803795405949554,2022-06-22-14-34-31,9589.114324569702,0.0,0.0
4.167480533646037,-0.04963792846611213,-0.29607480575846845,4.169063695976677,0.0006571617179593758,2022-06-22-14-34-34,9591.262876987457,0.0,0.0
4.167480533646037,-0.048816491383957536,-0.29617276396606096,4.169028846491193,0.0004928712884695319,2022-06-22-14-34-36,9593.384858131409,0.0,0.0
4.167480533646037,-0.04848791655115961,-0.2956437896446475,4.168992337506374,0.0004107260733587914,2022-06-22-14-34-38,9595.497289180756,0.0,0.0
4.167316243217157,-0.0461878927225893,-0.2952127735312997,4.168960807019602,0.00012321782159907535,2022-06-22-14-34-40,9597.617035388947,0.0,0.0
4.16797340493414,-0.04750219205298402,-0.29523236517281176,4.168935914529971,0.0002053630364657888,2022-06-22-14-34-42,9599.724033594131,0.0,0.0
4.167480533646037,-0.04980221588257053,-0.29531073173891403,4.16890936254113,0.0003285808584916339,2022-06-22-14-34-44,9601.83057808876,0.0,0.0
4.167644824075161,-0.04848791655115961,-0.2956829729275811,4.168884470051573,0.000369653465772668,2022-06-22-14-34-46,9603.955088376999,0.0,0.0
4.16797340493414,-0.048816491383957536,-0.29603562247478776,4.168864556059912,0.0004107260732975071,2022-06-22-14-34-48,9606.094196081161,0.0,0.0
4.167809114504529,-0.0461878927225893,-0.2960160308332833,4.168833025572999,0.0002875082514546268,2022-06-22-14-34-51,9608.22962141037,0.0,0.0
4.167480533646037,-0.05111651521456906,-0.29648623022984527,4.168804814084835,0.00024643564405169016,2022-06-22-14-34-53,9610.348303318024,0.0,0.0
4.167151952788521,-0.04914506621679193,-0.29615317232378924,4.168774943097434,0.00028750825114975953,2022-06-22-14-34-55,9612.48200058937,0.0,0.0
4.167316243217157,-0.04963792846611213,-0.2962119472483643,4.168743412610662,0.0002464356435640802,2022-06-22-14-34-57,9614.602571487427,0.0,0.0
4.167480533646037,-0.04585931789008048,-0.29607480575782535,4.168710222624512,0.00024643564338111545,2022-06-22-14-34-59,9616.735711097717,0.0,0.0
4.167151952788521,-0.046023605306330415,-0.2958592977012287,4.168683670635749,0.0002464356431373105,2022-06-22-14-35-01,9618.852522611618,0.0,0.0
4.167151952788521,-0.04963792846611213,-0.2964274553050468,4.16864882115037,0.00016429042875820699,2022-06-22-14-35-03,9620.953619718552,0.0,0.0
4.167480533646037,-0.048652203967554014,-0.29650582187111857,4.16862392866085,0.00020536303597817884,2022-06-22-14-35-05,9623.058461666107,0.0,0.0
4.167151952788521,-0.049309353633222835,-0.29664296336176327,4.168594057673448,0.0002464356431373105,2022-06-22-14-35-08,9625.176244020462,0.0,0.0
4.166987662360129,-0.04980221588257053,-0.29709357111661444,4.16856252718677,0.0002053630358560543,2022-06-22-14-35-10,9627.292337179184,0.0,0.0
4.16682337193198,-0.047830766885672935,-0.29703479619206546,4.168532656199457,0.00024643564289328346,2022-06-22-14-35-12,9629.395702838898,0.0,0.0
4.166987662360129,-0.05177366488079026,-0.29746581230570074,4.168501125712779,0.0002053630355514091,2022-06-22-14-35-14,9631.530832529068,0.0,0.0
4.166987662360129,-0.04733790463665313,-0.29736785409812994,4.1684745737240565,0.00012321782117230562,2022-06-22-14-35-16,9633.680226325989,0.0,0.0
4.166987662360129,-0.04750219205298402,-0.29703479619225986,4.168443043237378,8.21452140744583e-05,2022-06-22-14-35-18,9635.791400432587,0.0,0.0
4.166166210221825,-0.04799505430203098,-0.2971915293243516,4.1684032152543535,0.0002464356416131963,2022-06-22-14-35-20,9637.89845442772,0.0,0.0
4.167151952788521,-0.04684504238771463,-0.2970739794752828,4.168378322764907,0.00045179867624978165,2022-06-22-14-35-22,9639.986372232437,0.0,0.0
4.167151952788521,-0.05177366488079026,-0.29811233647542634,4.168353430275461,0.00045179867624978165,2022-06-22-14-35-24,9642.12222146988,0.0,0.0
4.167151952788521,-0.04750219205298402,-0.29850416930546314,4.1683285377860155,0.00045179867624978165,2022-06-22-14-35-27,9644.251826286316,0.0,0.0
4.16682337193198,-0.04750219205298402,-0.2984649860224359,4.168300326298017,0.00032858085580889096,2022-06-22-14-35-29,9646.417136907578,0.0,0.0
4.16682337193198,-0.045037880808964745,-0.29807315319229216,4.168268795811386,8.214521413507647e-05,2022-06-22-14-35-31,9648.538472175598,0.0,0.0
4.16682337193198,-0.04536645564138428,-0.2982102946827565,4.168245562821323,8.214521413507647e-05,2022-06-22-14-35-33,9650.646232843399,0.0,0.0
4.16682337193198,-0.04766647946932395,-0.29797519498451497,4.16821237283537,8.214521413507647e-05,2022-06-22-14-35-35,9652.768411874771,0.0,0.0
4.1666590815040765,-0.04257356956694701,-0.2971327543998641,4.168182501848101,4.1072606975944836e-05,2022-06-22-14-35-37,9654.90493798256,0.0,0.0
4.167480533646037,-0.04717361722033127,-0.2974462206638933,4.168159268857901,0.00024643564246606964,2022-06-22-14-35-39,9657.023991584778,0.0,0.0
4.1666590815040765,-0.04585931789008048,-0.2971915293242792,4.168132716869256,0.00045179867795619444,2022-06-22-14-35-42,9659.155272960663,0.0,0.0
4.166987662360129,-0.04914506621679193,-0.29730907917339994,4.168114462377078,0.0005339438919693684,2022-06-22-14-35-44,9661.269978523254,0.0,0.0
4.166987662360129,-0.04898077880037016,-0.29760295379611257,4.16809122938698,0.0004928712849934236,2022-06-22-14-35-46,9663.382316589355,0.0,0.0
4.166494791076415,-0.04635218013885717,-0.29744622066403803,4.168058039401125,0.00041072607043179943,2022-06-22-14-35-48,9665.481018066406,0.0,0.0
4.166494791076415,-0.046516467555134,-0.2969564296260478,4.168031487412521,0.00020536303494167463,2022-06-22-14-35-50,9667.599973917007,0.0,0.0
4.166987662360129,-0.04766647946932395,-0.2964862302294072,4.168013232920343,0.0002464356418570013,2022-06-22-14-35-52,9669.72121834755,0.0,0.0
4.1666590815040765,-0.04914506621679193,-0.29650582187093005,4.167988340431007,0.00032858085587017527,2022-06-22-14-35-54,9671.8715133667,0.0,0.0
4.1666590815040765,-0.04848791655115961,-0.2966233717200248,4.167961788442363,0.00020536303494167463,2022-06-22-14-35-56,9673.989641666412,0.0,0.0
4.166494791076415,-0.04996650329903811,-0.2969564296258579,4.167930257955825,0.0002464356418570013,2022-06-22-14-35-58,9676.093492269516,0.0,0.0
4.166166210221825,-0.048652203967554014,-0.2971915293240214,4.1679020464679954,0.00020536303457596716,2022-06-22-14-36-01,9678.215610980988,0.0,0.0
4.166494791076415,-0.05111651521456906,-0.2978576451356336,4.167873834980082,0.0002053630342102597,2022-06-22-14-36-03,9680.32578420639,0.0,0.0
4.167316243217157,-0.048652203967554014,-0.29789682841867166,4.167848942490599,0.0004107260693957393,2022-06-22-14-36-05,9682.43474984169,0.0,0.0
4.166330500648998,-0.04405215631191933,-0.29777927856971176,4.167817412004108,0.0006160891045201566,2022-06-22-14-36-07,9684.55559849739,0.0,0.0
4.166330500648998,-0.04405215631191933,-0.2972503042490896,4.167787541016928,0.0005339438908726901,2022-06-22-14-36-09,9686.683844327927,0.0,0.0
4.16567333894177,-0.04717361722033127,-0.29744622066413984,4.167752691532014,0.0006160891040323246,2022-06-22-14-36-11,9688.801687717438,0.0,0.0
4.166001919794897,-0.04569503047383948,-0.2969368379847567,4.167727799042827,0.0004928712821286041,2022-06-22-14-36-13,9690.920440196991,0.0,0.0
4.166330500648998,-0.04766647946932395,-0.29652541351273076,4.167701247054261,0.0003285808536142021,2022-06-22-14-36-15,9693.022427082062,0.0,0.0
4.166330500648998,-0.04832362913477431,-0.29625113053137264,4.16768299256219,0.0003285808536142021,2022-06-22-14-36-17,9695.122584342957,0.0,0.0
4.166494791076415,-0.04848791655115961,-0.2965254135125333,4.167656440573586,0.00020536303366136544,2022-06-22-14-36-20,9697.242447137833,0.0,0.0
4.166001919794897,-0.045202168225170064,-0.2961923556069203,4.16762325058788,0.00024643564075921276,2022-06-22-14-36-22,9699.361510515213,0.0,0.0
4.165837629368211,-0.04766647946932395,-0.2959572559086788,4.1675917201015285,0.00020536303390539246,2022-06-22-14-36-24,9701.494792938232,0.0,0.0
4.166001919794897,-0.04815934171839811,-0.295780931134983,4.1675601896151315,0.00024643564057691414,2022-06-22-14-36-26,9703.604655504227,0.0,0.0
4.165837629368211,-0.04668075497141981,-0.29591807262550696,4.16752865912878,0.00024643564039417143,2022-06-22-14-36-28,9705.722256422043,0.0,0.0
4.165837629368211,-0.0461878927225893,-0.29580052277646396,4.167497128642428,0.00012321782001456505,2022-06-22-14-36-30,9707.826610326767,0.0,0.0
4.165837629368211,-0.04569503047383948,-0.29521277353095665,4.167467257655381,8.214521334304337e-05,2022-06-22-14-36-32,9709.94669175148,0.0,0.0
4.166166210221825,-0.048652203967554014,-0.29544787322912014,4.1674390461675515,0.00012321782007518323,2022-06-22-14-36-34,9712.075419187546,0.0,0.0
4.166166210221825,-0.046516467555134,-0.29531073173855116,4.167412494179025,8.214521340366154e-05,2022-06-22-14-36-37,9714.182739973068,0.0,0.0
4.165837629368211,-0.04996650329903811,-0.2956633812858941,4.167382623191977,0.0001642904268073231,2022-06-22-14-36-39,9716.282491445541,0.0,0.0
4.165509048515571,-0.04963792846611213,-0.2960356224747046,4.16734611420781,0.00024643563996717965,2022-06-22-14-36-41,9718.399177312851,0.0,0.0
4.16567333894177,-0.0494736410496629,-0.2962119472483906,4.167316243220807,0.0002053630331131373,2022-06-22-14-36-43,9720.529623508453,0.0,0.0
4.166166210221825,-0.04487359339276832,-0.2959180726258392,4.1672896912322805,0.0003285808531270362,2022-06-22-14-36-45,9722.647515535355,0.0,0.0
4.165837629368211,-0.045037880808964745,-0.2954870565126574,4.1672614797445355,0.0003285808531270362,2022-06-22-14-36-47,9724.765409708023,0.0,0.0
4.165837629368211,-0.04963792846611213,-0.2955850147202771,4.167238246754678,0.00024643563996717965,2022-06-22-14-36-49,9726.886266946793,0.0,0.0
4.166001919794897,-0.04980221588257053,-0.29591807262609177,4.167208375767587,0.00024643564008908214,2022-06-22-14-36-51,9729.020149707794,0.0,0.0
4.165344758089617,-0.04569503047383948,-0.2958201144185746,4.1671735262827765,0.0002875082463951184,2022-06-22-14-36-54,9731.13023686409,0.0,0.0
4.166166210221825,-0.0461878927225893,-0.29560460636196617,4.167148633793552,0.0004107260660435319,2022-06-22-14-36-56,9733.238788843155,0.0,0.0
4.166001919794897,-0.04700932980401844,-0.29521277353156333,4.167122081805066,0.00045179867277567176,2022-06-22-14-36-58,9735.353639125824,0.0,0.0
4.166494791076415,-0.04733790463665313,-0.29503644875791635,4.167102167813671,0.0005339438864837565,2022-06-22-14-37-00,9737.444418907166,0.0,0.0
4.16567333894177,-0.0494736410496629,-0.294997265474863,4.167073956325968,0.0005750164938251867,2022-06-22-14-37-02,9739.562385082245,0.0,0.0
