Vbattery, sensor current, sma current, sma Vbattery, error, sma error, timestamp, time, supply voltage, supply current
1.270740594369516,0.008191241629084795,0.28469001520117093,0.41567897046715996,0.2116570477281622,0.07592819923189997,2022-07-06-11-07-25,13.72831106185913,1.35,0.501
1.31361967634472,0.006876942318212476,0.2940646155333718,0.5439562141639543,0.18754590976345392,0.0918735864506934,2022-07-06-11-07-26,14.854578495025635,1.39,0.501
1.3507486938467614,0.0072055171459650385,0.3015804589026998,0.6448052741243052,0.16874379823077734,0.1014823629232039,2022-07-06-11-07-27,15.999446868896484,1.42,0.501
1.3842633854918382,0.008684103870567568,0.3093656873369584,0.7269672864984755,0.15371834194347728,0.10728636059212317,2022-07-06-11-07-28,17.08687710762024,1.44,0.501
1.4146566135221532,0.008848391284383804,0.3157878273323654,0.7957362192008433,0.14138583055216106,0.11069630758812696,2022-07-06-11-07-29,18.184308767318726,1.47,0.501
1.443406966839654,0.009176966111999297,0.32139495505222565,0.8546153780770989,0.1311462417126465,0.11255539250853784,2022-07-06-11-07-30,19.28640913963318,1.5,0.501
1.4713358838489294,0.009669828353380245,0.326552454605376,0.9060087535580847,0.12254479798736556,0.1133878429651068,2022-07-06-11-07-31,20.388522386550903,1.53,0.501
1.4979505010884573,0.008355529042918074,0.3297229096242567,0.9515427341373441,0.11516555331445497,0.11352458991505666,2022-07-06-11-07-33,21.48284912109375,1.56,0.501
1.523579393839124,0.006712654904327526,0.3310550335829358,0.9924024955446142,0.10877007755989866,0.11318498188968824,2022-07-06-11-07-34,22.58251976966858,1.57,0.501
1.5482225619012557,0.009834115767162655,0.33466633282204883,1.029457166635057,0.1031616169267142,0.1125167575588233,2022-07-06-11-07-35,23.694726705551147,1.6,0.501
1.5731943075279873,0.010655552835990862,0.33843233605608625,1.063440737940865,0.09827474997046529,0.11162663208455093,2022-07-06-11-07-36,24.809483528137207,1.63,0.501
1.5973446160921072,0.010984127663483204,0.34198346508366906,1.09484684842035,0.0939144887112685,0.11058474129788726,2022-07-06-11-07-37,25.918671369552612,1.65,0.501
1.6201806239310443,0.009834115767162655,0.3443857460328892,1.1240320581709442,0.08996568421836121,0.10943923812680248,2022-07-06-11-07-38,27.01206612586975,1.68,0.501
1.6425237699935826,0.006712654904327526,0.34459558282304054,1.1513210956352935,0.08640660326279158,0.10822699418659139,2022-07-06-11-07-39,28.10752296447754,1.7,0.501
1.664866917764673,0.007041229732091642,0.3449783931822545,1.1769983867417626,0.08320343048820653,0.10697581600167214,2022-07-06-11-07-40,29.20573353767395,1.73,0.501
1.687210067269115,0.00786266680140112,0.34578654838357653,1.2012941810525888,0.08030532186993201,0.10570579247158929,2022-07-06-11-07-41,30.306191205978394,1.75,0.501
1.7085674912327107,0.0065483674904367895,0.3458159358463633,1.2243520587880488,0.07762587196509854,0.10442943244856698,2022-07-06-11-07-42,31.409523248672485,1.76,0.501
1.7305820684071265,0.006219792662637903,0.3456741094009962,1.2463620592062696,0.07520798958289494,0.1031589349326682,2022-07-06-11-07-44,32.52371263504028,1.78,0.501
1.7517752077910866,0.008684103870567568,0.34675633462641414,1.2674209403973038,0.072957370824606,0.1019005364281656,2022-07-06-11-07-45,33.61507487297058,1.81,0.501
1.7724754850575997,0.009176966111999297,0.3479847305313907,1.2876231221837156,0.07086708708228227,0.10065919845433026,2022-07-06-11-07-46,34.71627497673035,1.83,0.501
1.7933400518482996,0.0075340919736945604,0.3483726450282273,1.3070737733246611,0.06894391322491372,0.0994393797916604,2022-07-06-11-07-47,35.824739933013916,1.85,0.501
1.8135474684882567,0.006384080076540252,0.34822897299325356,1.3258320583307202,0.06713885779584126,0.09824306416218562,2022-07-06-11-07-48,36.9067656993866,1.87,0.501
1.8330977348452482,0.005891217834815738,0.34788775190923305,1.3439486896348105,0.06543926524445377,0.09707149991512377,2022-07-06-11-07-49,38.00563716888428,1.89,0.501
1.8526480026722985,0.008026954215245814,0.3484395268396165,1.3614900452567928,0.06385688602316399,0.09592616840160792,2022-07-06-11-07-50,39.1039834022522,1.9,0.501
1.8715411200519931,0.005234068179101256,0.3478554257021416,1.378491747749966,0.062358093735048345,0.09480723257938926,2022-07-06-11-07-51,40.198484897613525,1.92,0.501
1.8899413748488822,0.007369804559832676,0.3481223776139629,1.394990122817673,0.060940098930591595,0.09371474439717,2022-07-06-11-07-52,41.2985475063324,1.94,0.501
1.90801305497635,0.009505540939592222,0.3491605963513504,1.4110220894476317,0.05960046084299398,0.092648673036102,2022-07-06-11-07-53,42.39937901496887,1.96,0.501
1.925427584338919,0.006219792662637903,0.3489603942680646,1.4266101347473676,0.0583220992829811,0.09160847383146196,2022-07-06-11-07-55,43.51405167579651,1.98,0.501
1.9431706909909336,0.005726930420895901,0.3486008300295761,1.441803092283943,0.05712859949971738,0.0905943598805283,2022-07-06-11-07-56,44.64276719093323,2.0,0.501
1.9594352065530194,0.0072055171459650385,0.3487605595283881,1.4565925812630596,0.055961054244356476,0.08960483686235196,2022-07-06-11-07-57,45.76523494720459,2.02,0.501
1.9756997232068565,0.008519816456745662,0.34934243127290393,1.4710122240948318,0.054858372644619825,0.0886396573007483,2022-07-06-11-07-58,46.89034938812256,2.03,0.501
1.9914713767713388,0.0044126311093258055,0.3485823285441003,1.4850786876806832,0.05380197483164314,0.0876980983150968,2022-07-06-11-07-59,48.017526149749756,2.05,0.501
2.0062573029363167,0.0075340919736945604,0.3488320174626541,1.4987939143979367,0.05277523670883615,0.08677907564124783,2022-07-06-11-08-00,49.14751863479614,2.06,0.501
2.0203860776914735,0.006219792662637903,0.34867104079958394,1.5121680724311044,0.051784301786946936,0.08588177374754781,2022-07-06-11-08-01,50.293256521224976,2.07,0.501
2.03435056520418,0.008191241629084795,0.34909998471385995,1.5252226347504314,0.05083880643009092,0.08500569956461139,2022-07-06-11-08-02,51.392144441604614,2.09,0.501
2.047165036834743,0.0072055171459650385,0.34922416465957057,1.5379529372402925,0.04991138363010244,0.08414974063937947,2022-07-06-11-08-04,52.489307165145874,2.1,0.501
2.059322356729997,0.00786266680140112,0.34952715246315263,1.5503664948471905,0.049012477350701286,0.08331313913250618,2022-07-06-11-08-05,53.590516805648804,2.11,0.501
2.0713153891483755,0.009834115767162655,0.3503573238516754,1.5624815854123344,0.04815156002669378,0.08249542799051054,2022-07-06-11-08-06,54.68748879432678,2.13,0.501
2.0828155578118626,0.009834115767162655,0.3511497601770835,1.5743073575123234,0.04731857385934817,0.08169595403298413,2022-07-06-11-08-07,55.7826042175293,2.14,0.501
2.09398715078518,0.009176966111999297,0.35173457066761116,1.5858557973628313,0.046515307617436386,0.0809141618904164,2022-07-06-11-08-08,56.884788513183594,2.15,0.501
2.1048301680228274,0.007698379387550707,0.3519144730428721,1.5971378488989183,0.04573982304396271,0.0801495023502761,2022-07-06-11-08-09,58.017502546310425,2.15,0.501
2.115508897631894,0.008684103870567568,0.35233432499538603,1.6081670201485563,0.04499384233258193,0.07940150958394218,2022-07-06-11-08-10,59.134668827056885,2.17,0.501
2.1255304751136546,0.006219792662637903,0.35213056671637627,1.618945425460329,0.04426525348152316,0.07866950424847512,2022-07-06-11-08-11,60.2685489654541,2.18,0.501
2.1358806293803467,0.008191241629084795,0.352410122444014,1.6294951234995132,0.04357310859958783,0.07795325127604884,2022-07-06-11-08-12,61.384342193603516,2.19,0.501
2.1455736314341456,0.010491265422236369,0.3532215762368812,1.6398166936582057,0.04289550646867205,0.07725209637990131,2022-07-06-11-08-14,62.51315712928772,2.2,0.501
2.1549380575523047,0.006876942318212476,0.3531645299876595,1.64991711255809,0.04223803430493651,0.07656554614313729,2022-07-06-11-08-15,63.64772629737854,2.21,0.501
2.1644667722586046,0.006876942318212476,0.35310967782494634,1.6598122983215615,0.04160900892803965,0.07589330504284696,2022-07-06-11-08-16,64.76460862159729,2.22,0.501
2.17317404640575,0.0072055171459650385,0.3531300869695322,1.669498369040131,0.04098822147934353,0.0752347185605167,2022-07-06-11-08-17,65.88573980331421,2.23,0.501
2.182045609103226,0.0075340919736945604,0.3532215762376731,1.678989984596855,0.040393468538938576,0.07458951022678377,2022-07-06-11-08-18,67.00065112113953,2.23,0.501
2.190424307540392,0.0075340919736945604,0.3533097386233362,1.6882887904685557,0.03981138180981544,0.07395718061920252,2022-07-06-11-08-19,68.1136417388916,2.24,0.501
2.198474429875111,0.010984127663483204,0.3541220920322944,1.6973992483151013,0.03924421646204586,0.07333730625925329,2022-07-06-11-08-20,69.21272397041321,2.25,0.501
2.2063602642916247,0.005398355593038671,0.353749003842198,1.7063283889462684,0.03869406940861547,0.07272953017415439,2022-07-06-11-08-21,70.31433629989624,2.26,0.501
2.214246098998925,0.00786266680140112,0.3538903943347466,1.715085590843728,0.03816289294824797,0.07213355367025943,2022-07-06-11-08-22,71.41553950309753,2.26,0.501
2.222131933998103,0.008684103870567568,0.3541913624784124,1.7236795966599037,0.037649722474534915,0.07154908195507767,2022-07-06-11-08-24,72.51415705680847,2.27,0.501
2.229853481052,0.008026954215245814,0.35435299351861144,1.7321158280664386,0.037150919550857614,0.07097577924834067,2022-07-06-11-08-25,73.64249992370605,2.28,0.501
2.2370821636558027,0.007369804559832676,0.3543821400997588,1.7403939647154447,0.03666039107631573,0.07041323190125828,2022-07-06-11-08-26,74.77229642868042,2.29,0.501
2.244475134757035,0.007698379387550707,0.35447291332282105,1.7485243061677285,0.03618833591542729,0.06986121744987392,2022-07-06-11-08-27,75.89335918426514,2.3,0.501
2.252032394373912,0.00786266680140112,0.35459159172103055,1.756516498044017,0.035733874386878875,0.06931951359173114,2022-07-06-11-08-28,77.00944018363953,2.3,0.501
2.258768212958038,0.009012678698194377,0.3549187021593107,1.7643641810895485,0.035280779764960864,0.06878765837568786,2022-07-06-11-08-29,78.10632967948914,2.31,0.501
2.26550403175961,0.0065483674904367895,0.35478815401170416,1.772074024946011,0.03484162651937026,0.0682654117317445,2022-07-06-11-08-30,79.19251441955566,2.31,0.501
2.27240413905081,0.009176966111999297,0.3551317612577515,1.779654784250629,0.03441827016742829,0.06775257625349729,2022-07-06-11-08-31,80.28851890563965,2.32,0.501
2.2789756700178065,0.008519816456745662,0.3553493161991427,1.7871073347844675,0.034002647194287514,0.06724884596903147,2022-07-06-11-08-32,81.388516664505,2.33,0.501
2.28571148947579,0.007041229732091642,0.35530376434338057,1.7944397488240456,0.03360166443345952,0.0667540344758613,2022-07-06-11-08-34,82.48227381706238,2.34,0.501
2.292118732579153,0.008519816456745662,0.3555125205460991,1.8016524877190472,0.03320754238519725,0.06626785343106906,2022-07-06-11-08-35,83.57872438430786,2.34,0.501
2.2983616875899835,0.0065483674904367895,0.35538281414636747,1.8087483334314893,0.03282233399413487,0.06579006029625571,2022-07-06-11-08-36,84.68334865570068,2.35,0.501
2.3046046427910327,0.005069780765157964,0.3550109001475999,1.8157322251126093,0.032447976546344924,0.06532045348287668,2022-07-06-11-08-37,85.7794885635376,2.35,0.501
2.3106833098806088,0.0075340919736945604,0.35505339469345465,1.822606545734387,0.032081736137223135,0.06485880463085372,2022-07-06-11-08-38,86.87674713134766,2.36,0.501
2.316597688844528,0.005234068179101256,0.3547227522006042,1.8293735476947999,0.03172327918964363,0.06440489332343988,2022-07-06-11-08-39,87.97681140899658,2.37,0.501
2.322512067980588,0.0047412059372537,0.35432241467452386,1.8360375817527161,0.031374510270000606,0.0639585367956907,2022-07-06-11-08-40,89.1032440662384,2.37,0.501
2.3287550239225783,0.0006340205864308023,0.35328622865495274,1.8426071476483143,0.03103942287896047,0.06351961527680096,2022-07-06-11-08-41,90.23162364959717,2.38,0.501
2.3341765384496935,-0.00856607461360295,0.35084815201496494,1.8490751659483324,0.030702345137488825,0.06308780909075738,2022-07-06-11-08-42,91.34521532058716,2.39,0.501
2.340419494752453,-0.004951751496891407,0.3490275656086208,1.8554562611276069,0.030384690737037794,0.0626630932679818,2022-07-06-11-08-44,92.47321009635925,2.39,0.501
2.3458410095936877,-0.012016110318945249,0.3461844094053872,1.8617432450823004,0.030064650020424934,0.06224516450839775,2022-07-06-11-08-45,93.58837866783142,2.39,0.501
2.3510982362463597,-0.010537523587716226,0.34363419579465654,1.867937612059061,0.029750632003111604,0.06183384131212831,2022-07-06-11-08-46,94.68619418144226,2.4,0.501
2.3568483280558956,-0.012344685148183054,0.3408810463069414,1.8740489960090212,0.02945062525069191,0.06142905111136036,2022-07-06-11-08-47,95.78654026985168,2.41,0.501
2.36243413168665,-0.01283754739209179,0.3381240398007866,1.8800784421284982,0.029155997823285273,0.06103061835471746,2022-07-06-11-08-48,96.88057470321655,2.41,0.501
2.367198493730832,-0.01020894875862955,0.3358127305243725,1.886018930562673,0.02885853885036938,0.0606382759217376,2022-07-06-11-08-49,97.98145890235901,2.42,0.501
2.373441451065163,-0.007087487883652734,0.3340011139686818,1.8918914910506546,0.02858606196463398,0.06025210466924238,2022-07-06-11-08-50,99.08515000343323,2.42,0.501
2.3782058133736883,-0.011851822904336722,0.33156301682912315,1.897680947268786,0.028302470302061254,0.05987175187915689,2022-07-06-11-08-51,100.20746231079102,2.43,0.501
2.3839559059679383,-0.006594625640455484,0.32991247867657686,1.903401829135835,0.028037148211381122,0.05949722713012424,2022-07-06-11-08-52,101.34097266197205,2.43,0.501
2.3890488452628467,-0.009223224271532552,0.3279394744369005,1.909048887462893,0.02777035508444539,0.05912831001331402,2022-07-06-11-08-54,102.4551842212677,2.44,0.501
2.3943060730603807,-0.0054446137398920375,0.32652458715909877,1.9146265562628644,0.027511583506434917,0.05876489936380966,2022-07-06-11-08-55,103.5697295665741,2.44,0.501
2.3993990126234954,-0.0080732123702262,0.32478920686727536,1.9201353341760532,0.027256826188897187,0.05840685307773111,2022-07-06-11-08-56,104.6896436214447,2.45,0.501
2.404327663939685,-0.011687535489735099,0.3226133790006209,1.9255756974318243,0.02700594781954092,0.058054033917526726,2022-07-06-11-08-57,105.78479218482971,2.45,0.501
2.4092563153801545,-0.009880373929570103,0.3207229617240771,1.9309499265201393,0.026760644526440128,0.0577063295909591,2022-07-06-11-08-58,106.89433145523071,2.46,0.501
2.415170697273144,-0.00413031442535337,0.3196200814980485,1.9362710338910514,0.02653156471728133,0.057363749757182426,2022-07-06-11-08-59,107.9945478439331,2.46,0.501
2.419935060595459,-0.004623176668256793,0.3184779300002251,1.941528251572621,0.026294964702118652,0.05702604557180129,2022-07-06-11-09-00,109.10651183128357,2.47,0.501
2.424042270449909,-0.00856607461360295,0.31685980606490954,1.9467165743562478,0.02605638669300394,0.05669303848708304,2022-07-06-11-09-01,110.18870973587036,2.47,0.501
2.4289709223901634,-0.007580350126909552,0.3153999127976307,1.951846939760864,0.025831623557336387,0.05636472556229851,2022-07-06-11-09-02,111.27444338798523,2.48,0.501
2.433899574456029,-0.009223224271532552,0.31376658860043893,1.9569211780208131,0.025611592278478798,0.056041008369837254,2022-07-06-11-09-03,112.36736154556274,2.48,0.501
2.43866393823935,-0.009716086515050563,0.3121066803504342,1.9619393317730898,0.025394433648320905,0.05572177321648813,2022-07-06-11-09-05,113.485276222229,2.49,0.501
2.4432640137281867,-0.010866098416830203,0.31034102786414286,1.9669014418963382,0.02518005882193447,0.05540691018149273,2022-07-06-11-09-06,114.58751034736633,2.49,0.501
2.4480283777434035,-0.01020894875862955,0.3086905753260887,1.97181090042539,0.024971735405539396,0.05509634717357483,2022-07-06-11-09-07,115.70361566543579,2.5,0.501
2.4522998766162694,-0.0080732123702262,0.3073281566003569,1.976664324427318,0.02476264210722956,0.05478994611229862,2022-07-06-11-09-08,116.7995092868805,2.5,0.501
2.4572285292803078,-0.009223224271532552,0.3063681661779341,2.0014734319672334,0.024812426477573382,0.05504057668277915,2022-07-06-11-09-09,117.92723178863525,2.51,0.501
2.4619928936430604,-0.007580350126909552,0.3056236838096586,2.0263323238685307,0.024858891901297215,0.055290846866559454,2022-07-06-11-09-10,119.0507082939148,2.51,0.501
2.4669215465573893,-0.007744637541341776,0.30484001815884204,2.0512393406738707,0.02490701680534,0.055541326582343405,2022-07-06-11-09-11,120.20244264602661,2.51,0.501
2.4708644689807553,-0.007744637541341776,0.3040955357905372,2.076186184978436,0.024946844304565917,0.05579248517423754,2022-07-06-11-09-12,121.31331515312195,2.52,0.501
2.475300256804873,-0.01020894875862955,0.30229310479440114,2.088876187728661,0.012690002750224794,0.05345967373427602,2022-07-06-11-09-14,122.4427478313446,2.52,0.501
2.4795717562891366,-0.007744637541341776,0.3003927155932173,2.1010866035056273,0.012210415776965864,0.05144506129032455,2022-07-06-11-09-15,123.57751297950745,2.53,0.501
2.4838432558698007,-0.006923200469247041,0.29874701772819134,2.11290704370285,0.011820440197223036,0.04967005654723132,2022-07-06-11-09-16,124.68850684165955,2.53,0.501
2.4881147555470386,-0.013494697050734309,0.2962784709288028,2.124395589780631,0.011488546077780578,0.048081619656797,2022-07-06-11-09-17,125.81601333618164,2.54,0.501
2.4920576784118946,-0.006594625640455484,0.29445644829296097,2.1355854311232574,0.011189841342626832,0.04664193783254597,2022-07-06-11-09-18,126.94859504699707,2.54,0.501
2.4968220436504422,-0.006266050811690276,0.2926540172984664,2.146516395063947,0.010930963940689788,0.04532421190717757,2022-07-06-11-09-19,128.0695288181305,2.55,0.501
2.5004363897740474,-0.007580350126909552,0.2906556698912933,2.1571934599420723,0.010677064878125185,0.0441073515351117,2022-07-06-11-09-20,129.19769144058228,2.55,0.501
2.5045436013626663,-0.007580350126909552,0.2885985475604919,2.16762990153312,0.010436441591047847,0.042974943894744835,2022-07-06-11-09-21,130.32359790802002,2.55,0.501
2.508157947635147,-0.009716086515050563,0.2864434670226046,2.1778340171548036,0.010204115621683734,0.04191472735239363,2022-07-06-11-09-23,131.4528772830963,2.56,0.501
2.5127580248102515,-0.007908924955780654,0.28469981095109265,2.1878257204979463,0.009991703343142701,0.040916965996668817,2022-07-06-11-09-24,132.57746648788452,2.56,0.501
2.5157152173398107,-0.009223224271532552,0.2824271805661914,2.197598373583184,0.009772653085237929,0.03997364312958321,2022-07-06-11-09-25,133.70362329483032,2.56,0.501
2.5203152947012697,-0.00725177529806504,0.28029169167072027,2.2071652522415,0.009566878658315984,0.03907760402542007,2022-07-06-11-09-26,134.80054354667664,2.57,0.501
2.5240939297618157,-0.011358960660552524,0.2776272284605014,2.216526356419982,0.009361104178481903,0.0382235294341798,2022-07-06-11-09-27,135.908762216568,2.57,0.501
2.527051122471496,-0.011358960660552524,0.27509990673872065,2.225686664486047,0.00916030806606517,0.03740731351344955,2022-07-06-11-09-28,137.00261545181274,2.57,0.501
2.5311583346464688,-0.009058936857040057,0.27321910917818154,2.234662771199713,0.008976106713665517,0.0366251872856806,2022-07-06-11-09-29,138.11229300498962,2.58,0.501
2.5346083929438126,-0.010537523587716226,0.2711228035635386,2.2434480386257647,0.008785267426051914,0.03587348866889115,2022-07-06-11-09-30,139.20949792861938,2.58,0.501
2.5378941628106277,-0.005608901154238604,0.2695162889814362,2.2520408072675986,0.008592768641833462,0.03514911944436491,2022-07-06-11-09-31,140.31356525421143,2.59,0.501
2.5416727982297185,-0.00856607461360295,0.2677138579859917,2.2604560123887802,0.008415205121181896,0.03445002179947687,2022-07-06-11-09-32,141.42953062057495,2.59,0.501
2.5447942797212613,-0.010866098416830203,0.26567632729485285,2.26868037815963,0.008224365770849847,0.03377341953874914,2022-07-06-11-09-34,142.57566380500793,2.59,0.501
2.548572915281799,-0.006923200469247041,0.2638151213764485,2.2767288398514554,0.008048461691825376,0.03311777399195337,2022-07-06-11-09-35,143.69432759284973,2.6,0.501
2.5516943968903543,-0.009223224271532552,0.26162085755638376,2.284599737950776,0.007870898099320754,0.03248144885071134,2022-07-06-11-09-36,144.82254076004028,2.6,0.501
2.5551444555720515,-0.011523248075140373,0.25934822717027345,2.2922947319277838,0.007694993977007595,0.03186277289871229,2022-07-06-11-09-37,145.95226001739502,2.6,0.501
2.558758802831999,-0.007580350126909552,0.25768293766377603,2.299822119143377,0.007527387215593359,0.031260636832245135,2022-07-06-11-09-38,147.06602501869202,2.61,0.501
2.562373150163268,-0.006101763397317526,0.25625274785248264,2.3071885374799224,0.0073664183365456555,0.030674042419033945,2022-07-06-11-09-39,148.20834946632385,2.61,0.501
2.565166054968164,-0.0057731885685917,0.2546070499878886,2.314385689523315,0.0071971520433925795,0.030101721873783727,2022-07-06-11-09-40,149.3204219341278,2.61,0.501
2.568123248337534,-0.006101763397317526,0.25325522674149736,2.3214218726373104,0.007036183113995362,0.029542914695793294,2022-07-06-11-09-42,150.4553530216217,2.62,0.501
2.5715733073290425,-0.006594625640455484,0.25158993723537704,2.3283070436724635,0.006885171035153135,0.028996905323112096,2022-07-06-11-09-43,151.5771872997284,2.62,0.501
2.5750233663858744,-0.009058936857040057,0.2493760817741855,2.3350445215654885,0.006737477893025498,0.028462935798364942,2022-07-06-11-09-44,152.69411301612854,2.62,0.501
2.5778162713845507,-0.008730362028075263,0.24759324241989467,2.3416343062831215,0.006589784717632643,0.027940387166391727,2022-07-06-11-09-45,153.8362603187561,2.63,0.501
2.580773464959339,-0.0052803263255519865,0.24628060245620653,2.3480747383434086,0.006440432060286921,0.02742838547508435,2022-07-06-11-09-46,154.96744585037231,2.63,0.501
2.583894947118322,-0.0057731885685917,0.2447328627976969,2.3543824124905326,0.006307674147124268,0.026926836181172916,2022-07-06-11-09-47,156.08226490020752,2.63,0.501
2.586852140792192,-0.009716086515050563,0.24255819061859613,2.360555669233819,0.0061732567432862175,0.0264350673336847,2022-07-06-11-09-48,157.1976776123047,2.64,0.501
2.590466488681396,-0.006594625640455484,0.24124555065451048,2.3666061249096777,0.0060504556758591635,0.025952728756353544,2022-07-06-11-09-49,158.31639003753662,2.64,0.501
2.592602239740785,-0.005937475982951343,0.2396390360722881,2.3725288010390164,0.005922676129338063,0.02547947056868185,2022-07-06-11-09-50,159.42530250549316,2.64,0.501
2.5952308564639233,-0.008237499784678425,0.237914971641866,2.3783353139559096,0.005806512916893432,0.02501504845888333,2022-07-06-11-09-52,160.54207563400269,2.64,0.501
2.598188050323217,-0.009716086515050563,0.2357794827451929,2.384030642088425,0.0056953281325155284,0.024559053728604792,2022-07-06-11-09-53,161.65849995613098,2.65,0.501
2.601145244231021,-0.009058936857040057,0.23383991026099496,2.3896264017590942,0.005595759670669475,0.02411142116335799,2022-07-06-11-09-54,162.77233791351318,2.65,0.501
2.6032809954168585,-0.00840178719913734,0.23190033777709118,2.395120933463002,0.005494531703907693,0.023671845954804524,2022-07-06-11-09-55,163.88301849365234,2.65,0.501
2.6065667665215106,-0.00840178719913734,0.22972566559864588,2.4005275130324275,0.005406579569425607,0.02324007847543818,2022-07-06-11-09-56,164.9941530227661,2.65,0.501
2.60903109488943,-0.009716086515050563,0.22739426028986157,2.4058428214877563,0.005315308455328964,0.022815803067316766,2022-07-06-11-09-57,166.10175108909607,2.66,0.501
2.6116597118525036,-0.010701811002269798,0.22502367169812545,2.411071837256113,0.005229015768356802,0.022398769816315958,2022-07-06-11-09-58,167.21780920028687,2.66,0.501
2.6147811945462087,-0.007908924955780654,0.22316246577930182,2.416222857726046,0.0051510204699331446,0.02198878191152778,2022-07-06-11-09-59,168.31145358085632,2.66,0.501
2.617081234460593,-0.01020894875862955,0.22090942703509783,2.42128924496674,0.0050663872406939295,0.021585474284336995,2022-07-06-11-10-01,169.44580626487732,2.66,0.501
2.6203670058181543,-0.0088946494425543,0.21910699603951586,2.426287593761735,0.004998348794994947,0.02118883888346297,2022-07-06-11-10-02,170.56853866577148,2.67,0.501
2.6226670458043935,-0.008730362028075263,0.21708905699060183,2.431204628271069,0.004917034509333806,0.020798373488611917,2022-07-06-11-10-03,171.71523094177246,2.67,0.501
2.624638508673326,-0.013987559294789693,0.21416990244302977,2.4360436674351007,0.004839039164032127,0.020413964727958988,2022-07-06-11-10-04,172.8213984966278,2.67,0.501
2.627431414441616,-0.009880373929570103,0.21217155503479854,2.4408163276057,0.004772660170599106,0.02003552660538992,2022-07-06-11-10-05,173.93729758262634,2.68,0.501
2.629895743097048,-0.006266050811690276,0.21060422373489435,2.445517630341442,0.004701302735741855,0.019662721492336405,2022-07-06-11-10-06,175.06831312179565,2.68,0.501
2.633345803271976,-0.0052803263255519865,0.20911525900021083,2.450165829905747,0.004648199564305313,0.019295650563901676,2022-07-06-11-10-07,176.1861937046051,2.68,0.501
2.6351529776760354,-0.007580350126909552,0.20731282800517595,2.4547426720125434,0.004576842106796054,0.0189338664585265,2022-07-06-11-10-08,177.28285455703735,2.68,0.501
2.637617306438475,-0.008237499784678425,0.205432030444994,2.4592597730115138,0.004517100998970537,0.018577358571548266,2022-07-06-11-10-09,178.38177967071533,2.68,0.501
2.6394244808860114,-0.006594625640455484,0.20333572483224352,2.463713813930816,0.004454040919302024,0.018225942656975098,2022-07-06-11-10-11,179.49023294448853,2.69,0.501
2.6423816754762544,-0.0054446137398920375,0.20204267650973176,2.4681180706094485,0.004404256678632623,0.017879580912227796,2022-07-06-11-10-12,180.58352255821228,2.69,0.501
2.645010292931248,-0.0054446137398920375,0.20045575356890474,2.472469224083513,0.0043511534740638645,0.01753804819026634,2022-07-06-11-10-13,181.6894907951355,2.69,0.501
2.646817467454204,-0.006430338226069587,0.19865332257434307,2.476758976946706,0.0042897528631929424,0.017201078800252786,2022-07-06-11-10-14,182.820467710495,2.69,0.501
2.6489532191869665,-0.003801739596783312,0.1972427244050116,2.480992307634938,0.004233330688231986,0.016868577902650506,2022-07-06-11-10-15,183.9655830860138,2.7,0.501
2.6517461253379992,-0.0026517276969898473,0.19604763428939856,2.485180832500415,0.004188524865476733,0.01654057925405617,2022-07-06-11-10-16,185.06325340270996,2.7,0.501
2.6537175885300424,-0.010701811002269798,0.19385337046858392,2.489314594659738,0.004133762159323308,0.016216795680762196,2022-07-06-11-10-17,186.165221452713,2.7,0.501
2.6560176289486166,-0.0026517276969898473,0.19259950542932008,2.493395253594836,0.004080658935098026,0.015897066231754308,2022-07-06-11-10-18,187.26432013511658,2.7,0.501
2.6581533807927484,-0.010701811002269798,0.19024850847879488,2.4974294472093277,0.0040341936144920225,0.015581444149426341,2022-07-06-11-10-19,188.35775232315063,2.71,0.501
2.661110575696636,-0.006923200469247041,0.18864199389621022,2.5014254729056615,0.003996025696333596,0.015269872423941122,2022-07-06-11-10-21,189.4583830833435,2.71,0.501
2.6632463276025926,-0.0052803263255519865,0.18691792946695265,2.505373373800124,0.003947900894462452,0.014962090916133387,2022-07-06-11-10-22,190.56554913520813,2.71,0.501
2.6653820795345124,-0.006266050811690276,0.18515468175488298,2.509276468845747,0.003903095045623292,0.014658055035843852,2022-07-06-11-10-23,191.67643547058105,2.71,0.501
2.6676821201056398,-0.004951751496891407,0.18372449194396526,2.5131347580440284,0.003858289198281309,0.014357616902155182,2022-07-06-11-10-24,192.7910177707672,2.72,0.501
2.6699821607069305,-0.004623176668256793,0.18215716064464543,2.516951560348349,0.0038168023043209827,0.01406074073972209,2022-07-06-11-10-25,193.89708137512207,2.72,0.501
2.671296469635507,-0.005116038911218448,0.1807661541161157,2.5207185783488093,0.0037670180004598314,0.01376725269938194,2022-07-06-11-10-26,195.00539803504944,2.72,0.501
2.673596510284251,-0.009058936857040057,0.17908127296781803,2.5244457689295485,0.00372719058073958,0.013477143750234412,2022-07-06-11-10-27,196.11846351623535,2.72,0.501
2.676225128205551,-0.006594625640455484,0.17739639182048011,2.528138110528791,0.003692341599241842,0.013190382189244702,2022-07-06-11-10-28,197.2329216003418,2.72,0.501
2.6780323030493722,-0.007744637541341776,0.17584865216126852,2.5317889652177286,0.0036508546889378215,0.012906822345803228,2022-07-06-11-10-29,198.32783699035645,2.73,0.501
2.6800037665366823,-0.0052803263255519865,0.17465356204494192,2.5353999924758712,0.0036110272581423666,0.012626383123461227,2022-07-06-11-10-30,199.4255530834198,2.73,0.501
2.68181094141961,-0.008237499784678425,0.17359561341650193,2.5389662138647298,0.0035662213888589048,0.012348876037702626,2022-07-06-11-10-32,200.5385012626648,2.73,0.501
2.6841109822067817,-0.009387511686031799,0.1734976552100421,2.5425009052158116,0.0035346913510816984,0.01207445529238538,2022-07-06-11-10-33,201.67089366912842,2.73,0.501
2.6864110230243092,-0.008730362028075263,0.17304704746056399,2.5459957691377495,0.0034948639219379413,0.011802840880111642,2022-07-06-11-10-34,202.81755185127258,2.73,0.501
2.688382486606372,-0.006430338226069587,0.17371316326453382,2.54945578405707,0.003460014919320043,0.011534107192221692,2022-07-06-11-10-35,203.92670845985413,2.74,0.501
2.6906825274803476,-0.006594625640455484,0.17418336265549367,2.5528859284129686,0.003430144355898868,0.011268243680633684,2022-07-06-11-10-36,205.0767092704773,2.74,0.501
2.6924897024741057,-0.007087487883652734,0.17481029517695426,2.5562762453262837,0.0033903169133152533,0.0110050082428824,2022-07-06-11-10-37,206.19726252555847,2.74,0.501
2.6949540320413505,-0.00856607461360295,0.1753196778507671,2.5596350321985537,0.003358786872269703,0.010744430354488303,2022-07-06-11-10-38,207.33014512062073,2.74,0.501
2.696761207079569,-0.005608901154238604,0.1758682438067979,2.5629639484950046,0.00332891629645189,0.010486555379196204,2022-07-06-11-10-40,208.4421992301941,2.74,0.501
2.698732670779104,-0.005608901154238604,0.1760445685783114,2.5662497183911053,0.003285769896100412,0.010230996873453439,2022-07-06-11-10-41,209.56334137916565,2.75,0.501
2.700868423145578,-0.007416062712483979,0.17657354289328245,2.5695089366716295,0.0032592182805241377,0.009978034731821751,2022-07-06-11-10-42,210.6985023021698,2.75,0.501
2.7016898663704665,-0.00725177529806504,0.17649517632815434,2.572718370615089,0.003209433943459881,0.009727249739216485,2022-07-06-11-10-43,211.81882619857788,2.75,0.501
2.704482773364253,-0.0054446137398920375,0.1769457840776869,2.5759045719090428,0.0031862012939536007,0.009478924953453944,2022-07-06-11-10-44,212.95236921310425,2.75,0.501
2.706782814451832,-0.006266050811690276,0.1768478258713023,2.5790609026301685,0.003156330721125773,0.009232912299056881,2022-07-06-11-10-45,214.07218623161316,2.75,0.501
2.7084257009617074,-0.0047874640825708616,0.17723965869689606,2.582182384330554,0.00312148170038598,0.00898912094058707,2022-07-06-11-10-46,215.22329878807068,2.76,0.501
2.7103971647941947,-0.005608901154238604,0.17796454942464204,2.585273995450297,0.003091611119742523,0.00874756198402345,2022-07-06-11-10-47,216.33027529716492,2.76,0.501
2.712368628649212,-0.01020894875862955,0.17792536614204763,2.588335735988368,0.003061740538071287,0.008508179115454068,2022-07-06-11-10-49,217.46749663352966,2.76,0.501
2.7138472265552696,-0.009223224271532552,0.17731802526233997,2.591352670627581,0.0030169346392133903,0.008270657599513988,2022-07-06-11-10-50,218.587735414505,2.76,0.501
2.7158186904497548,-0.011194673245971554,0.1765343596108658,2.594341394161463,0.002988723533881775,0.008035241022057051,2022-07-06-11-10-51,219.72311997413635,2.76,0.501
2.7177901543668166,-0.007580350126909552,0.17665190945859127,2.5973085445040587,0.0029671503425950244,0.00780201641245696,2022-07-06-11-10-52,220.83500361442566,2.77,0.501
2.7199259069691304,-0.0080732123702262,0.17659313453473216,2.6002474837422294,0.0029389392381713834,0.00757077717690984,2022-07-06-11-10-53,221.989506483078,2.77,0.501
2.7215687936043524,-0.00840178719913734,0.17669109274118797,2.603153233430597,0.0029057496883669056,0.007341425231555174,2022-07-06-11-10-54,223.09454441070557,2.77,0.501
2.7232116802552864,-0.00856607461360295,0.17682823423023736,2.6060274530469196,0.002874219616322592,0.00711394832214105,2022-07-06-11-10-55,224.22425413131714,2.77,0.501
2.7248545669219433,-0.007580350126909552,0.17722006705610124,2.6088718020690784,0.0028443490221591572,0.0068883350918402895,2022-07-06-11-10-56,225.35858488082886,2.77,0.501
2.7269903196121184,-0.009223224271532552,0.17733761690387478,2.6116895994616915,0.002817797392613281,0.00666455794019457,2022-07-06-11-10-58,226.48325300216675,2.77,0.501
2.728961783657436,-0.006430338226069587,0.17753353331671087,2.6144841641792795,0.00279456471758754,0.006442658168582024,2022-07-06-11-10-59,227.5994634628296,2.78,0.501
2.7306046703791993,-0.012180397733560694,0.1771808837733023,2.6172455393418947,0.002761375162615066,0.006219920276511741,2022-07-06-11-11-00,228.74492192268372,2.78,0.501
2.7325761344661283,-0.005116038911218448,0.17747475839249158,2.619978703390612,0.002733164048717858,0.005996428075980634,2022-07-06-11-11-01,229.85949850082397,2.78,0.501
2.7337261551939958,-0.008730362028075263,0.17735720854476134,2.622673699437447,0.002694996046834409,0.005772064229935125,2022-07-06-11-11-02,230.97558093070984,2.78,0.501
2.7360261966729382,-0.008237499784678425,0.1772984336208998,2.625352100727267,0.0026784012898200295,0.00554713046210941,2022-07-06-11-11-03,232.12480664253235,2.78,0.501
2.7373405061033784,-0.00413031442535337,0.17802332434838103,2.627998971932302,0.0026468712050354065,0.005445684688925679,2022-07-06-11-11-04,233.23734998703003,2.78,0.501
2.7393119702680093,-0.00725177529806504,0.17808209927223542,2.6306226104573414,0.0026236385250391183,0.0053488485550678335,2022-07-06-11-11-05,234.3595209121704,2.79,0.501
2.741447723138733,-0.010537523587716226,0.17765108316383804,2.6332246757832896,0.00260206532594881,0.0052557336573781956,2022-07-06-11-11-07,235.47555780410767,2.79,0.501
2.7434191873508404,-0.00725177529806504,0.1783955655331964,2.635803508427773,0.0025788326444828465,0.005165736551991351,2022-07-06-11-11-08,236.59054851531982,2.79,0.501
2.7444049194654494,-0.01020894875862955,0.1779645494248342,2.6383524704586168,0.0025489620308439876,0.005078454942781424,2022-07-06-11-11-09,237.68722367286682,2.79,0.501
2.7460478063358105,-0.0088946494425543,0.177651083164271,2.640869902404933,0.002517431946316851,0.00499346977112109,2022-07-06-11-11-10,238.7871117591858,2.79,0.501
2.7476906932220317,-0.007908924955780654,0.17761189988169906,2.643367420621579,0.002497518216646307,0.004910848087671809,2022-07-06-11-11-11,239.89916062355042,2.79,0.501
2.7499907348894044,-0.006758913054847965,0.17770985808811515,2.6458466845965964,0.0024792639750175565,0.004830472556196756,2022-07-06-11-11-12,241.0102961063385,2.8,0.501
2.7509764670420918,-0.009058936857040057,0.17778822465329103,2.6482993969138384,0.002452712317241866,0.004752175553121586,2022-07-06-11-11-13,242.12863516807556,2.8,0.501
2.7527836426702113,-0.004458889253949196,0.1781996491201398,2.6507238981043435,0.0024245011905046445,0.004675739167741403,2022-07-06-11-11-14,243.22700905799866,2.8,0.501
2.7544265296215595,-0.006923200469247041,0.17847393209816595,2.6531351234809275,0.0024112253765833213,0.004601381312098428,2022-07-06-11-11-15,244.3526749610901,2.8,0.501
2.755740839194093,-0.008237499784678425,0.17835638225045006,2.6555131592838848,0.0023780358029578132,0.00452876673780188,2022-07-06-11-11-17,245.48424530029297,2.8,0.501
2.7578765922711903,-0.005937475982951343,0.1790029064130339,2.657874600319333,0.0023614410354482287,0.004458063069690429,2022-07-06-11-11-18,246.59531474113464,2.8,0.501
2.7595194792718916,-0.009387511686031799,0.17923800610862,2.660222765539539,0.0023481652202060137,0.004389253545994883,2022-07-06-11-11-19,247.73012924194336,2.81,0.501
2.760669500181866,-0.010373236173169483,0.17908127297825524,2.6625410601409065,0.002318294601367651,0.004322002918597935,2022-07-06-11-11-20,248.8623764514923,2.81,0.501
2.7631338307295583,-0.0054446137398920375,0.17968861385815907,2.6648493978963175,0.0023083377554115733,0.004256579386571264,2022-07-06-11-11-21,249.97281432151794,2.81,0.501
2.763955274253435,-0.004951751496891407,0.1797669804232559,2.667132843466447,0.002283445570129364,0.004192848850493445,2022-07-06-11-11-22,251.0995066165924,2.81,0.501
2.765926738727028,-0.009223224271532552,0.17968861385808962,2.669398034784602,0.0022651913181546404,0.004130727498947715,2022-07-06-11-11-23,252.2468547821045,2.81,0.501
2.767569625805931,-0.006101763397317526,0.18025677145548824,2.6716482908056594,0.0022502560210572705,0.004070382956020518,2022-07-06-11-11-24,253.3632047176361,2.81,0.501
2.7693768016111924,-0.005937475982951343,0.18037432130316625,2.673878633091815,0.00223034228615549,0.0040116140731349635,2022-07-06-11-11-26,254.49435567855835,2.82,0.501
2.7710196887236833,-0.005608901154238604,0.18080533741142343,2.676094040080031,0.002215406988215445,0.003954487900295516,2022-07-06-11-11-27,255.62319469451904,2.82,0.501
2.772005420998862,-0.0054446137398920375,0.18153022813913985,2.6782845548823224,0.0021905148022910155,0.0038988871005509024,2022-07-06-11-11-28,256.73853397369385,2.82,0.501
2.774141174281531,-0.005116038911218448,0.18182410275832916,2.6804601343919123,0.002175579509591232,0.0038448284368539113,2022-07-06-11-11-29,257.8709325790405,2.82,0.501
2.7757840614404765,-0.0057731885685917,0.1818632860408838,2.68261580016239,0.002155665770476853,0.0037921945725501865,2022-07-06-11-11-30,259.0043828487396,2.82,0.501
2.7774269486154606,-0.006266050811690276,0.18180451111705068,2.6847598495931706,0.002144049430780775,0.0037411531320187537,2022-07-06-11-11-31,260.12472438812256,2.82,0.501
2.7789055470866666,-0.0057731885685917,0.18184369439960532,2.68688896372195,0.002129114128779117,0.0036915867786327314,2022-07-06-11-11-32,261.2323863506317,2.83,0.501
2.7798912794080293,-0.007416062712483979,0.18174573619319326,2.6889931856621416,0.002104221940191785,0.0036432943635321124,2022-07-06-11-11-33,262.3228235244751,2.83,0.501
2.7821913215136997,-0.006266050811690276,0.1820787940950484,2.691085791269493,0.0020926056073517713,0.00359637646165662,2022-07-06-11-11-35,263.44390392303467,2.83,0.501
2.783505631302514,-0.004458889253949196,0.18258817676834102,2.6931634615716953,0.002077670302201651,0.0035507995483694383,2022-07-06-11-11-36,264.5553779602051,2.83,0.501
2.785148518553009,-0.00840178719913734,0.1822159355839897,2.695227856052439,0.002064394480744143,0.003506597148576077,2022-07-06-11-11-37,265.66901087760925,2.83,0.501
2.7869556945471423,-0.0088946494425543,0.1818436943995934,2.6972789747133366,0.0020511186608971757,0.003463601638614187,2022-07-06-11-11-38,266.7726492881775,2.83,0.501
2.787941426915791,-0.006101763397317526,0.18227471050790295,2.699310179623676,0.002031204910339385,0.0034217627312106828,2022-07-06-11-11-39,267.89251923561096,2.83,0.501
2.7897486029400462,-0.006758913054847965,0.18225511886662207,2.7013231302727534,0.0020129506490772753,0.00338097985215228,2022-07-06-11-11-40,268.9910819530487,2.84,0.501
2.7910629127881204,-0.008237499784678425,0.18198083588866254,2.703327783535858,0.002004653263104399,0.003341403863604465,2022-07-06-11-11-41,270.0989670753479,2.84,0.501
2.7923772226465173,-0.0057731885685917,0.182274710507899,2.7053191609720453,0.001991377436187819,0.003302867141577135,2022-07-06-11-11-42,271.2327377796173,2.84,0.501
2.7946772649235667,-0.0057731885685917,0.1827449098987632,2.7073039005134634,0.001984739541417673,0.0032653864487377626,2022-07-06-11-11-43,272.34858798980713,2.84,0.501
2.795498708601612,-0.005937475982951343,0.18311715108317458,2.709267066820236,0.0019631663067736452,0.003228693586476188,2022-07-06-11-11-45,273.4782090187073,2.84,0.501
2.7974701734454026,-0.009880373929570103,0.18294082631153954,2.71122857366901,0.0019615068487731724,0.003193006466727354,2022-07-06-11-11-46,274.610595703125,2.84,0.501
2.7989487720935236,-0.003801739596783312,0.1834893922673274,2.7131718262505453,0.001943252581535484,0.0031580233658395755,2022-07-06-11-11-47,275.7459046840668,2.85,0.501
2.800427370754748,-0.0088946494425543,0.18358735047379532,2.7151051219663564,0.0019332957158112911,0.003123861620995962,2022-07-06-11-11-48,276.8617880344391,2.85,0.501
2.80223454691405,-0.009880373929570103,0.18368530868028743,2.7170301203003118,0.0019249983339550138,0.0030904877075171562,2022-07-06-11-11-49,277.99249720573425,2.85,0.501
2.803548856860396,-0.004951751496891407,0.18403795822332175,2.718936864364091,0.0019067440637796707,0.0030577172387681304,2022-07-06-11-11-50,279.1223165988922,2.85,0.501
2.8051917443079137,-0.009880373929570103,0.18407714150591614,2.720836970524165,0.0019001061600739475,0.0030257346015901514,2022-07-06-11-11-51,280.24189376831055,2.85,0.501
2.8066703430245425,-0.009223224271532552,0.1840379582233314,2.7227188224151395,0.0018818518909736188,0.0029942548348828664,2022-07-06-11-11-52,281.3748211860657,2.85,0.501
2.8076560755095956,-0.009551799100537797,0.18394000001686758,2.7245873984727678,0.0018685760576283045,0.0029634623252696793,2022-07-06-11-11-54,282.48066115379333,2.86,0.501
2.8092989629976683,-0.006923200469247041,0.18478244059273885,2.7264526555871544,0.001865257114387295,0.0029334241227480136,2022-07-06-11-11-55,283.560019493103,2.86,0.501
2.8112704280047915,-0.00725177529806504,0.18509590685337848,2.7283096153201156,0.001856959732961367,0.0029039726031759154,2022-07-06-11-11-56,284.63852882385254,2.86,0.501
2.812256160517128,-0.005608901154238604,0.18517427341848772,2.7301516397385,0.0018420244183846456,0.0028750910040106917,2022-07-06-11-11-57,285.735476732254,2.86,0.501
2.8135704705426803,-0.007744637541341776,0.18488039879928664,2.7319720909230534,0.0018204511845525697,0.002846527889063695,2022-07-06-11-11-58,286.8403069972992,2.86,0.501
2.81521335808926,-0.007087487883652734,0.18493917372313867,2.733790882644398,0.001818791721345703,0.0028186687942611654,2022-07-06-11-11-59,287.9852502346039,2.86,0.501
2.817184823166639,-0.0047874640825708616,0.1853505981900204,2.7356046959446827,0.0018138133002844833,0.002791362857910802,2022-07-06-11-12-00,289.0995624065399,2.86,0.501
2.818499133231253,-0.0029803025254703554,0.18578161429800233,2.7374135308168563,0.001808834872174155,0.0027646436049095103,2022-07-06-11-12-01,290.2425377368927,2.87,0.501
2.819813443306295,-0.007416062712483979,0.18554651460264626,2.7392057708959485,0.001792240079091321,0.0027382595988535373,2022-07-06-11-12-02,291.3534803390503,2.87,0.501
2.821456330914771,-0.006594625640455484,0.1854093731137023,2.7409880541079032,0.001782283211954781,0.0027123114143877886,2022-07-06-11-12-04,292.48468232154846,2.87,0.501
2.8234277960664746,-0.002816015111226918,0.1858403892216672,2.742771996821159,0.0017839427132552569,0.002687000200752055,2022-07-06-11-12-05,293.6125886440277,2.87,0.501
2.82441352865114,-0.009058936857040057,0.18521345670071623,2.7445443231793827,0.0017723263582239755,0.0026621415711560142,2022-07-06-11-12-06,294.73085951805115,2.87,0.501
2.825892127539162,-0.0057731885685917,0.1848412155166014,2.7463033737066667,0.001759050527284472,0.0026376014263257896,2022-07-06-11-12-07,295.84857749938965,2.87,0.501
2.827370726440418,-0.01020894875862955,0.18489999044049912,2.7480574458067717,0.0017540721001048066,0.00261356415300035,2022-07-06-11-12-08,296.98542761802673,2.87,0.501
2.82917790289327,-0.0054446137398920375,0.18456693253893589,2.74980653948298,0.00174909367620862,0.0025900129887691434,2022-07-06-11-12-09,298.1172020435333,2.88,0.501
2.8303279242826624,-0.005116038911218448,0.1852330483426882,2.7515456762859083,0.0017391368029284243,0.0025668305967331477,2022-07-06-11-12-10,299.2463505268097,2.88,0.501
2.831806523223665,-0.007580350126909552,0.1851546817775538,2.7532698777760807,0.0017242014901720111,0.0025438828774789904,2022-07-06-11-12-11,300.3637351989746,2.88,0.501
2.8336136997251247,-0.0047874640825708616,0.1852134567013729,2.754990760322773,0.001720882546692243,0.002521387742653029,2022-07-06-11-12-13,301.4972412586212,2.88,0.501
2.834928009920456,-0.010701811002269798,0.18468448238655366,2.7567033454781864,0.0017125851554135724,0.002499261380125658,2022-07-06-11-12-14,302.6331675052643,2.88,0.501
2.8362423201262796,-0.00725177529806504,0.1844101994086601,2.758405973761224,0.0017026282830367664,0.00247748702744642,2022-07-06-11-12-15,303.7444875240326,2.88,0.501
2.8377209191203776,-0.010866098416830203,0.18366571703979012,2.76010030465429,0.0016943308930651223,0.002456047922282219,2022-07-06-11-12-16,304.8845498561859,2.88,0.501
2.839035229348512,-0.007580350126909552,0.18337184242060087,2.761794635560481,0.001694330906191973,0.0024351116890067863,2022-07-06-11-12-17,305.99953532218933,2.89,0.501
2.840349539587154,-0.0019945780401049718,0.18421428299544562,2.763479009593844,0.0016843740333626536,0.0024144771784272217,2022-07-06-11-12-18,307.13273453712463,2.89,0.501
2.841992427400239,-0.006266050811690276,0.18425346627800498,2.7651534267574265,0.0016744171635827063,0.002394094103319554,2022-07-06-11-12-19,308.2594666481018,2.89,0.501
2.8434710264460676,-0.007908924955780654,0.18423387463671861,2.7668245249735546,0.0016710982161282364,0.0023740965631901642,2022-07-06-11-12-20,309.38909673690796,2.89,0.501
2.8452782030757264,-0.00330887735397635,0.18446897433195347,2.7684939637264736,0.001669438752919638,0.002354484558086905,2022-07-06-11-12-22,310.4968183040619,2.89,0.501
2.846428224577693,-0.0088946494425543,0.1843906077667936,2.7701567645664547,0.0016628008399806363,0.0023352580878962153,2022-07-06-11-12-23,311.6459894180298,2.89,0.501
2.8480711124516382,-0.009716086515050563,0.18435142448420402,2.771812927498221,0.0016561629317662278,0.002316283053357675,2022-07-06-11-12-24,312.76227951049805,2.89,0.501
2.849385422762654,-0.007416062712483979,0.18450815761450462,2.7734591335561842,0.001646206057963079,0.0022976097416003535,2022-07-06-11-12-25,313.8826766014099,2.9,0.501
2.850371155502837,-0.009716086515050563,0.18411632478875278,2.775095382736957,0.0016362491807723728,0.0022791878654534075,2022-07-06-11-12-26,315.03376603126526,2.9,0.501
2.8521783322085876,-0.00856607461360295,0.1838812250933304,2.776726653491788,0.001631270754830707,0.0022610174250385774,2022-07-06-11-12-27,316.1435172557831,2.9,0.501
2.8536569313463214,-0.0029803025254703554,0.18437101612515724,2.7783546052985786,0.0016279518067900574,0.0022432157572958985,2022-07-06-11-12-28,317.2774887084961,2.9,0.501
2.8549712417021964,-0.007908924955780654,0.18444938269031075,2.779970940749697,0.0016163354511196553,0.0022256152378903426,2022-07-06-11-12-29,318.391832113266,2.9,0.501
2.8567784184587826,-0.005116038911218448,0.1845081576141345,2.781587276218174,0.0016163354684769044,0.0022083164416481713,2022-07-06-11-12-31,319.52059864997864,2.9,0.501
2.857599862445658,-0.009716086515050563,0.18401836658199414,2.783191995325917,0.0016047191077429703,0.0021913361306546615,2022-07-06-11-12-32,320.65234446525574,2.9,0.501
2.8592427504318065,-0.007744637541341776,0.1839791832994237,2.7847917360055754,0.0015997406796588744,0.0021745737306459213,2022-07-06-11-12-33,321.78331327438354,2.91,0.501
2.8605570608326323,-0.003966027011065125,0.18437101612493928,2.786396455141557,0.0016047191359814727,0.002158364490166342,2022-07-06-11-12-34,322.8928349018097,2.91,0.501
2.862035660046221,-0.009058936857040057,0.18394000001669947,2.787987898441375,0.0015914432998178562,0.00214225582355891,2022-07-06-11-12-35,324.03414845466614,2.91,0.501
2.8631856816660597,-0.008730362028075263,0.18364612539742742,2.789567725382932,0.0015798269415578533,0.002126331542957214,2022-07-06-11-12-36,325.16342401504517,2.91,0.501
2.865157147318953,-0.006594625640455484,0.1834306173433897,2.7911508713057325,0.0015831459228004602,0.0021107927977290775,2022-07-06-11-12-37,326.2883038520813,2.91,0.501
2.8666357465742847,-0.0080732123702262,0.18313674272416514,2.792729038798461,0.0015781674927281817,0.0020955054883652962,2022-07-06-11-12-38,327.41983914375305,2.91,0.501
2.867292901803188,-0.006266050811690276,0.18360694211508666,2.7942939304464813,0.0015648916480199614,0.0020803858026072018,2022-07-06-11-12-40,328.5364181995392,2.92,0.501
2.8689357898870584,-0.003801739596783312,0.18425346627733036,2.795860481591247,0.0015665511447655444,0.0020657354642794456,2022-07-06-11-12-41,329.66654801368713,2.92,0.501
2.871071544420903,-0.007580350126909552,0.1846844823857984,2.7974286922374203,0.0015682106461732163,0.0020513868492520867,2022-07-06-11-12-42,330.8003134727478,2.92,0.501
2.872221566104599,-0.007908924955780654,0.18464529910322647,2.7989886054872968,0.0015599132498765888,0.0020371723331640214,2022-07-06-11-12-43,331.916392326355,2.92,0.501
2.8732072989828192,-0.00725177529806504,0.18474325730965432,2.8005369023763245,0.00154829688902716,0.002023125440748423,2022-07-06-11-12-44,333.05594396591187,2.92,0.501
2.874850187126485,-0.007087487883652734,0.18489999043994226,2.8020851992805884,0.001548296904263964,0.002009413796464555,2022-07-06-11-12-45,334.1835935115814,2.92,0.501
2.876657364103728,-0.0088946494425543,0.1848608071573607,2.8036351556830983,0.00154995640250951,0.001996037400365433,2022-07-06-11-12-46,335.3073103427887,2.92,0.501
2.8778073858270035,-0.007744637541341776,0.1848412155160751,2.805180133651836,0.0015449779687379817,0.0019829124402298655,2022-07-06-11-12-48,336.4365134239197,2.92,0.501
2.878793118739162,-0.007744637541341776,0.1850175402876812,2.8067134952591792,0.001533361607343875,0.0019699383413887606,2022-07-06-11-12-49,337.55164790153503,2.93,0.501
2.880764584581469,-0.009058936857040057,0.1847040740271053,2.8082468568846752,0.001533361625495286,0.0019571989162161115,2022-07-06-11-12-50,338.6775550842285,2.93,0.501
2.881586028689513,-0.006758913054847965,0.18535059818982166,2.809771921110032,0.0015250642253567038,0.0019447109269508758,2022-07-06-11-12-51,339.8155210018158,2.93,0.501
2.883064628094498,-0.0047874640825708616,0.185389781472367,2.811292006904258,0.0015200857942259543,0.0019324576112489376,2022-07-06-11-12-52,340.930606842041,2.93,0.501
2.8845432275129945,-0.007416062712483979,0.18554651460266755,2.8128154116751567,0.0015234047708989774,0.0019206233559364585,2022-07-06-11-12-53,342.07645082473755,2.93,0.501
2.8863504045984065,-0.0057731885685917,0.18584038922190405,2.814333838017839,0.001518426342681498,0.0019089064372784935,2022-07-06-11-12-54,343.1675443649292,2.93,0.501
2.8875004263905537,-0.008237499784678425,0.185350598189941,2.8158506048894267,0.0015167668715876292,0.0018974912419911425,2022-07-06-11-12-55,344.2666389942169,2.93,0.501
2.8889790258496304,-0.006758913054847965,0.18540937311378822,2.8173623933296437,0.0015117884402183947,0.0018862604330535592,2022-07-06-11-12-56,345.3675525188446,2.94,0.501
2.8899647588298705,-0.009716086515050563,0.1855073313202763,2.8188625654073323,0.0015001720776882587,0.0018751301982226447,2022-07-06-11-12-58,346.47965955734253,2.94,0.501
2.89111478064776,-0.006266050811690276,0.18562488116796377,2.8203544400870992,0.0014918746797668659,0.001864150824841675,2022-07-06-11-12-59,347.5756425857544,2.94,0.501
2.892593380139949,-0.007908924955780654,0.18589916414605714,2.821851293225225,0.001496853138126259,0.0018535234622889705,2022-07-06-11-13-00,348.67457127571106,2.94,0.501
2.894236268480507,-0.006594625640455484,0.18617344712406098,2.823348146378202,0.0014968531529767322,0.0018432145855885652,2022-07-06-11-13-01,349.7936339378357,2.94,0.501
2.8957148680013285,-0.00413031442535337,0.1866240548734489,2.8248433400628414,0.0014951936846393612,0.0018330900953662725,2022-07-06-11-13-02,350.90946340560913,2.94,0.501
2.8967006010227503,-0.004623176668256793,0.18687874621003894,2.826325257902573,0.0014819178397307668,0.0018230158919795372,2022-07-06-11-13-03,352.05872106552124,2.94,0.501
2.898507778244366,-0.007416062712483979,0.18707466262292274,2.827815473167242,0.0014902152646694346,0.0018132936995293105,2022-07-06-11-13-04,353.1640326976776,2.94,0.501
2.8994935112828917,-0.006101763397317526,0.18687874621018066,2.8292973910320165,0.0014819178647745498,0.001803772655835067,2022-07-06-11-13-05,354.3095233440399,2.95,0.501
2.900807822010324,-0.00725177529806504,0.18683956292761494,2.8307759899450344,0.0014785989130178246,0.0017943521865061228,2022-07-06-11-13-06,355.4285023212433,2.95,0.501
2.9019578439056413,-0.005937475982951343,0.1871138459055745,2.832252929386565,0.0014769394415307887,0.0017852502030573647,2022-07-06-11-13-08,356.556987285614,2.95,0.501
2.903436443497427,-0.0088946494425543,0.1867611963624551,2.8337232309141034,0.0014703015275377436,0.0017762487938865518,2022-07-06-11-13-09,357.66665625572205,2.95,0.501
2.9045864654115596,-0.007580350126909552,0.1869767044166404,2.8351885540064234,0.0014653230923198795,0.001767331196635177,2022-07-06-11-13-10,358.8123707771301,2.95,0.501
2.905407909640983,-0.004458889253949196,0.18768200350288092,2.8366505581423738,0.0014620041359506733,0.0017586817979946012,2022-07-06-11-13-11,359.9264466762543,2.95,0.501
2.907050798112443,-0.003801739596783312,0.18787791991559202,2.838104264883615,0.001453706741241261,0.0017500491614878305,2022-07-06-11-13-12,361.07735109329224,2.95,0.501
2.9088579754504833,-0.007416062712483979,0.18758404529641448,2.83956792853207,0.0014636636484550356,0.0017417685360163727,2022-07-06-11-13-13,362.19581723213196,2.96,0.501
2.909843708552546,-0.010044661344096432,0.18748608708993855,2.8410216352979845,0.0014537067659143236,0.0017335717223573798,2022-07-06-11-13-14,363.32824754714966,2.96,0.501
2.9116508859220755,-0.006594625640455484,0.18742731216610067,2.8424770015617837,0.0014553662637994396,0.001725542532890129,2022-07-06-11-13-16,364.4452426433563,2.96,0.501
2.9126366190413226,-0.007744637541341776,0.1872118041120027,2.8439240704247144,0.0014470688629306088,0.001717630680130282,2022-07-06-11-13-17,365.56148290634155,2.96,0.501
2.9141152187315744,-0.01020894875862955,0.1866632381559719,2.8453694798187334,0.001445409394019102,0.0017098529266535508,2022-07-06-11-13-18,366.6749322414398,2.96,0.501
2.914608085298027,-0.0057731885685917,0.1866240548734204,2.84680991077125,0.0014404309525168195,0.0017022763221103767,2022-07-06-11-13-19,367.7688133716583,2.96,0.501
2.916415262721348,-0.006923200469247041,0.18640854681936553,2.8482470227756926,0.001437112004442594,0.001694817054381603,2022-07-06-11-13-20,368.88622093200684,2.96,0.501
2.91740099586995,-0.007087487883652734,0.1862518136891282,2.8496774968608394,0.0014304740851461952,0.0016874918858429092,2022-07-06-11-13-21,369.96188497543335,2.96,0.501
2.9190438844644646,-0.003801739596783312,0.18654568830822396,2.8511079709603244,0.0014304740994848892,0.0016802840542136579,2022-07-06-11-13-22,371.0562951564789,2.97,0.501
2.9200296176292837,-0.006594625640455484,0.18644773010183155,2.8525334666223707,0.0014254956620466375,0.0016731767969739356,2022-07-06-11-13-23,372.18119716644287,2.97,0.501
2.9216725062508395,-0.004294601839648058,0.1868199712860935,2.8539656002268434,0.0014321336044728309,0.0016663880259060672,2022-07-06-11-13-24,373.3098590373993,2.97,0.501
2.922329661704197,-0.005937475982951343,0.1868591545686497,2.8553811390166466,0.0014155387898030043,0.001659548967142948,2022-07-06-11-13-26,374.4470090866089,2.97,0.501
2.9239725503494345,-0.006430338226069587,0.18662405487334988,2.856799996784798,0.0014188577681507103,0.0016528942950818273,2022-07-06-11-13-27,375.58040142059326,2.97,0.501
2.9251225724111722,-0.007580350126909552,0.1867220130797857,2.8582138761166984,0.0014138793319006394,0.0016463234349924992,2022-07-06-11-13-28,376.67252469062805,2.97,0.501
2.926272594481207,-0.00725177529806504,0.1869179294926615,2.859621117530174,0.0014072414134754,0.0016398196244124814,2022-07-06-11-13-29,377.7626476287842,2.97,0.501
2.9275869054285546,-0.0088946494425543,0.18658487159081982,2.8610316779191916,0.0014105603890178125,0.0016335504878334755,2022-07-06-11-13-30,378.8544144630432,2.97,0.501
2.9290655052572876,-0.005608901154238604,0.18672201307976927,2.8624389193567397,0.0014072414375478925,0.0016274322129695429,2022-07-06-11-13-31,379.96752309799194,2.98,0.501
2.929886949612518,-0.003637452182507918,0.18727057903553523,2.863841182354966,0.0014022629982262404,0.0016213474628192582,2022-07-06-11-13-32,381.0716187953949,2.98,0.501
2.931858416082376,-0.006101763397317526,0.1872313957529806,2.865250083298762,0.001408900943796554,0.001615463861886013,2022-07-06-11-13-33,382.18522596359253,2.98,0.501
2.93251557157776,-0.007908924955780654,0.18697670441631928,2.8666423894265827,0.0013923061278201363,0.0016094796859910884,2022-07-06-11-13-34,383.31483936309814,2.98,0.501
2.9336655937012184,-0.0026517276969898473,0.18736853724171101,2.8680380145285986,0.0013956251020162274,0.0016037469465490944,2022-07-06-11-13-36,384.4471230506897,2.98,0.501
2.934979904709648,-0.0054446137398920375,0.18789751155642276,2.8694270017130856,0.001388987184487326,0.0015979639196371158,2022-07-06-11-13-37,385.57343196868896,2.98,0.501
2.936294215728954,-0.006758913054847965,0.1875448620134868,2.8708143294265756,0.0013873277134891964,0.0015923485169295776,2022-07-06-11-13-38,386.7030234336853,2.98,0.501
2.9376085267591403,-0.00840178719913734,0.1876036369373579,2.872199997669044,0.0013856682424686112,0.0015868169262897524,2022-07-06-11-13-39,387.8229093551636,2.98,0.501
2.9387585489194827,-0.004294601839648058,0.18826975274097557,2.873579027992332,0.0013790303232872,0.0015813020978991685,2022-07-06-11-13-40,388.9482567310333,2.99,0.501
2.9400728599700843,-0.009058936857040057,0.18777996170891426,2.874958058326773,0.0013790303344412944,0.0015759716561886798,2022-07-06-11-13-41,390.08245182037354,2.99,0.501
2.941222882148298,-0.005116038911218448,0.18834811930617443,2.8763321102241504,0.0013740518973776208,0.001570657976767505,2022-07-06-11-13-42,391.2164041996002,2.99,0.501
2.942208615450552,-0.006758913054847965,0.18864199392548214,2.8777011836829987,0.0013690734588485782,0.0015654783966450297,2022-07-06-11-13-43,392.3385269641876,2.99,0.501
2.943851504301272,-0.006923200469247041,0.18895546018609627,2.8790768950849346,0.0013757114019361237,0.0015604999657794522,2022-07-06-11-13-45,393.4718129634857,2.99,0.501
2.9448372376198853,-0.006430338226069587,0.18901423510993884,2.8804459685659674,0.001369073481032494,0.0015554880098869797,2022-07-06-11-13-46,394.5833559036255,2.99,0.501
2.945822970944638,-0.009058936857040057,0.18879872705577114,2.8818050851613197,0.0013591165953519863,0.0015504592913252687,2022-07-06-11-13-47,395.70370984077454,2.99,0.501
2.9468087042755315,-0.006758913054847965,0.18866158556682164,2.8831642017649397,0.0013591166036202365,0.0015455814346104766,2022-07-06-11-13-48,396.8337423801422,2.99,0.501
2.948287304283391,-0.007744637541341776,0.1886615855668216,2.884524977863331,0.0013607760983910177,0.0015409382519219763,2022-07-06-11-13-49,397.95953011512756,3.0,0.501
2.9492730376296463,-0.009223224271532552,0.1884068942300779,2.8858791160405066,0.0013541381771756196,0.001536244781778844,2022-07-06-11-13-50,399.0864622592926,3.0,0.501
2.950094482089556,-0.008237499784678425,0.18799546976319617,2.887221637847809,0.0013425218073021903,0.0015314842616477098,2022-07-06-11-13-51,400.20848846435547,3.0,0.501
2.951737371022189,-0.00856607461360295,0.18732935395979197,2.888567478633576,0.0013458407857670327,0.0015268075537042032,2022-07-06-11-13-52,401.34864592552185,3.0,0.501
2.9527231043899738,-0.009387511686031799,0.18709425426432189,2.889910000462704,0.001342521829128067,0.0015222649451187154,2022-07-06-11-13-54,402.47010469436646,3.0,0.501
2.9542017044531934,-0.007580350126909552,0.18697670441662498,2.891250862821678,0.0013408623589739627,0.0015178061486239604,2022-07-06-11-13-55,403.58264350891113,3.0,0.501
2.9546945711440125,-0.007087487883652734,0.18646732174353514,2.8925767898426624,0.0013259270209852304,0.0015131797274899193,2022-07-06-11-13-56,404.7275068759918,3.0,0.501
2.956173171225711,-0.007744637541341776,0.18662405487384845,2.8939076953232146,0.001330905480551223,0.00150872093074575,2022-07-06-11-13-57,405.83851504325867,3.0,0.501
2.957323193521064,-0.009387511686031799,0.18619303876557383,2.895235281848284,0.0013275865250697196,0.0015043627085011566,2022-07-06-11-13-58,406.94669461250305,3.0,0.501
2.958144638022883,-0.005116038911218448,0.1868003796454284,2.896556230450127,0.0013209486018430773,0.0014999877236702298,2022-07-06-11-13-59,408.0651762485504,3.0,0.501
