Vbattery, sensor current, sma current, sma Vbattery, error, timestamp, time, electronic load voltage, electronic load current
4.0314481411047565,-0.26091155710439945,-0.20349277940803143,4.184083535555506,0.004904550196255072,2022-06-22-15-41-09,46.82453465461731,3.894984,2.599846
4.022412178786999,-0.2627187189061336,-0.2786080257402935,4.1794643539335485,0.005022590542583722,2022-06-22-15-41-10,47.9283185005188,3.887832,2.599886
4.015840570275583,-0.2614044194137006,-0.3491191866655536,4.174919248831937,0.005065618819495719,2022-06-22-15-41-11,49.0474157333374,3.882665,2.59991
4.012061895551668,-0.2620615691597417,-0.41602861702706184,4.170517698743281,0.005030836546642198,2022-06-22-15-41-12,50.1395378112793,3.878594,2.60007
4.007461769968284,-0.2627187189061336,-0.4796206639746972,4.1662267532492026,0.005019502047609078,2022-06-22-15-41-13,51.24509382247925,3.875321,2.599878
4.0041759660926255,-0.26173299428667735,-0.5396531845021406,4.1620716048605715,0.004975048248328293,2022-06-22-15-41-14,52.38086915016174,3.872183,2.59995
4.001383032871942,-0.2653473178952208,-0.5977508440161404,4.1580543905608565,0.004920495372637168,2022-06-22-15-41-15,53.502967834472656,3.869325,2.59991
4.000068711379722,-0.2559829340221604,-0.6503179921748959,4.154201081312536,0.0048325399121391934,2022-06-22-15-41-16,54.623767614364624,3.866719,2.599934
3.9961257469928397,-0.2587758204330304,-0.7011670079594008,4.150437382876353,0.004811359542490219,2022-06-22-15-41-17,55.73975682258606,3.864335,2.599862
3.994647135382457,-0.2618972817231986,-0.7505079737578576,4.146814353864867,0.004733853776627257,2022-06-22-15-41-19,56.87883710861206,3.862055,2.599878
3.9930042336153275,-0.2595972576138905,-0.7969890316007191,4.143318669313741,0.004663604867320486,2022-06-22-15-41-20,57.996429204940796,3.859968,2.599926
3.989225559639498,-0.2610758445408113,-0.841792179199711,4.1398943779876465,0.004643939736398463,2022-06-22-15-41-21,59.12434673309326,3.858013,2.600006
3.987746948117326,-0.25943297017767497,-0.8842257176105719,4.136586825164379,0.004575128253480498,2022-06-22-15-41-22,60.231067419052124,3.856133,2.599958
3.987582657949361,-0.2607472696680095,-0.9251837135776254,4.1334165237342715,0.004481280634639744,2022-06-22-15-41-23,61.349690675735474,3.85446,2.599846
3.9856111759519655,-0.2607472696680095,-0.964435126379385,4.130337245655474,0.004428993163030488,2022-06-22-15-41-24,62.45420742034912,3.852728,2.59991
3.983968274313097,-0.260418694795295,-1.0020052744649046,4.127350123791343,0.004372134152333303,2022-06-22-15-41-25,63.55729293823242,3.851114,2.59991
3.9815039218984576,-0.26304729377946123,-1.0386932799063402,4.1244331997534855,0.004333978517579427,2022-06-22-15-41-26,64.6772792339325,3.849589,2.59979
3.9811753415804625,-0.2635401560896176,-1.0740566325510756,4.12162422214225,0.004255441297979734,2022-06-22-15-41-28,65.79838418960571,3.848182,2.599926
3.979039569536183,-0.26173299428667735,-1.107649562012497,4.118882209592133,0.00421467842771627,2022-06-22-15-41-29,66.88924288749695,3.846894,2.599934
3.977068087684044,-0.26255443146950275,-1.1401578123195792,4.116206471442924,0.004172353964026129,2022-06-22-15-41-30,68.01011967658997,3.845561,2.599934
3.975753766467883,-0.25976154505012783,-1.1708514471208549,4.113605495424868,0.004119427431658257,2022-06-22-15-41-31,69.12443256378174,3.844289,2.599862
3.974603735415943,-0.2551614968436804,-1.1994415308974495,4.111078190697433,0.004065438406572473,2022-06-22-15-41-32,70.2258529663086,3.842985,2.599926
3.9741108649685963,-0.2574615209447831,-1.227495433438316,4.108632345595132,0.004001642550157725,2022-06-22-15-41-33,71.34894108772278,3.841771,2.599822
3.9724679634925386,-0.2610758445408113,-1.2553135955456323,4.106243496786314,0.003960261127805093,2022-06-22-15-41-34,72.46585273742676,3.840616,2.599862
3.9713179324731143,-0.2554900717150078,-1.2810355197656975,4.103917193953328,0.003911808884557149,2022-06-22-15-41-35,73.56892728805542,3.83961,2.599918
3.9701679014650644,-0.2591043953053092,-1.3066087448647739,4.10165025679251,0.003864999090040077,2022-06-22-15-41-36,74.67837047576904,3.838544,2.59987
3.9693464507519898,-0.2610758445408113,-1.3317174436762833,4.099445193358502,0.003814273283757319,2022-06-22-15-41-38,75.8263750076294,3.837477,2.59987
3.9686892901857065,-0.2592686827414812,-1.3556531474415103,4.0973016539622265,0.00376251733756922,2022-06-22-15-41-39,76.92514681816101,3.83647,2.599846
3.96819641976343,-0.261240131977245,-1.3791921329070083,4.095219311475149,0.0037097810969999815,2022-06-22-15-41-40,78.0282781124115,3.835508,2.599846
3.9660606479576828,-0.26469016814741975,-1.4026303732426058,4.093169173958999,0.003684796822535653,2022-06-22-15-41-41,79.1354112625122,3.834502,2.599798
3.9658963578204016,-0.2587758204330304,-1.4242451588970042,4.091180536206833,0.0036297889055785515,2022-06-22-15-41-42,80.25780034065247,3.833598,2.59983
3.9642534564603413,-0.2614044194137006,-1.4456723075147373,4.089227811903042,0.0035992214048782703,2022-06-22-15-41-43,81.37511992454529,3.832666,2.599862
3.9639248761911103,-0.2607472696680095,-1.4663325987351519,4.087329282574073,0.0035496662361563422,2022-06-22-15-41-44,82.47836470603943,3.831777,2.599934
3.961460524201409,-0.2592686827414812,-1.4861156252220171,4.0854506443894065,0.0035334675160599966,2022-06-22-15-41-45,83.60070037841797,3.831052,2.599902
3.961460524201409,-0.25992583248638695,-1.5054308905030673,4.083627260268995,0.003481504758470879,2022-06-22-15-41-46,84.71660566329956,3.830163,2.599854
3.960639073549753,-0.26173299428667735,-1.5244955002717908,4.081844822780311,0.003442953249676463,2022-06-22-15-41-48,85.84625196456909,3.829378,2.599894
3.9594890426471574,-0.2574615209447831,-1.5422949941705648,4.080096883064122,0.003410197216146736,2022-06-22-15-41-49,86.96705389022827,3.828579,2.599902
3.9594890426471574,-0.2595972576138905,-1.5599482269124407,4.078398181086418,0.003362166269440444,2022-06-22-15-41-50,88.08755421638489,3.827765,2.599886
3.9585033018825295,-0.260418694795295,-1.5772457846299046,4.076732974430808,0.0033291603596513806,2022-06-22-15-41-51,89.20538473129272,3.82701,2.59991
3.95883188213648,-0.2635401560896176,-1.5945742569608354,4.075117890974722,0.0032880565225869825,2022-06-22-15-41-52,90.32510662078857,3.826284,2.599934
3.956860400626656,-0.25631150889370313,-1.6102811327316824,4.07351981678083,0.003270264968360452,2022-06-22-15-41-53,91.42985892295837,3.825544,2.599966
3.956860400626656,-0.2586115329969235,-1.625931212060339,4.071964357898774,0.0032266614354489794,2022-06-22-15-41-54,92.53490972518921,3.824863,2.599886
3.9547246290285916,-0.26304729377946123,-1.641858505935028,4.070421729887324,0.0032123076217991844,2022-06-22-15-41-55,93.65832090377808,3.824137,2.599878
3.955053209271905,-0.258282958124775,-1.6566416154280195,4.068923437411799,0.003174856616883786,2022-06-22-15-41-57,94.76283478736877,3.823516,2.599894
3.9547246290285916,-0.2591043953053092,-1.6711700024175473,4.067459350124835,0.003138365894145705,2022-06-22-15-41-58,95.8707914352417,3.822864,2.59987
3.9540674685447392,-0.2587758204330304,-1.685281479034086,4.066024009851669,0.0031069582307242704,2022-06-22-15-41-59,97.00592541694641,3.822212,2.599822
3.9540674685447392,-0.2620615691597417,-1.6995250619216768,4.064624553085332,0.0030681212528402167,2022-06-22-15-42-00,98.1260278224945,3.821591,2.599894
3.952424567351282,-0.25894010786915894,-1.712961989896317,4.06323936807627,0.003050525943465117,2022-06-22-15-42-01,99.26135182380676,3.820969,2.599934
3.9519316969977503,-0.25943297017767497,-1.7261421478987924,4.061881957453362,0.0030193350216366622,2022-06-22-15-42-02,100.37848448753357,3.820347,2.59995
3.9506173760651584,-0.25943297017767497,-1.7390047117325336,4.060541420328202,0.002998792683214436,2022-06-22-15-42-03,101.51476955413818,3.81977,2.599926
3.9519316969977503,-0.26173299428667735,-1.751884286170777,4.059248447431411,0.0029787394480879767,2022-06-22-15-42-04,102.6308650970459,3.819133,2.599966
3.95028879583432,-0.2587758204330304,-1.7640500787466986,4.057966569177328,0.0029630237035625944,2022-06-22-15-42-06,103.76725935935974,3.8186,2.599966
3.9504530859496234,-0.261240131977245,-1.7762712434857182,4.05671641239561,0.0029304802897456295,2022-06-22-15-42-07,104.8851261138916,3.818008,2.599798
3.9494673452612625,-0.2610758445408113,-1.7881891679692772,4.0554836644975145,0.0029081269609940808,2022-06-22-15-42-08,106.01828503608704,3.81746,2.599942
3.9484816045812106,-0.2610758445408113,-1.7998362305327553,4.054267731998466,0.002886281662347011,2022-06-22-15-42-09,107.12444829940796,3.816912,2.59991
3.9484816045812106,-0.2579543832527132,-1.8108074952617226,4.053079123825238,0.002853851531309404,2022-06-22-15-42-10,108.22739601135254,3.816409,2.600022
3.9471672836873966,-0.26058298223164134,-1.8218797670401017,4.0519023256014846,0.0028367456353372332,2022-06-22-15-42-11,109.3329451084137,3.815861,2.599958
3.946510123246026,-0.2576258083807381,-1.832325040434467,4.050744169531644,0.00281279414968925,2022-06-22-15-42-12,110.43606805801392,3.815431,2.599902
3.946181543026724,-0.26452588071052474,-1.8434286997916705,4.049607619243547,0.0027857918243589493,2022-06-22-15-42-13,111.54058814048767,3.814883,2.599958
3.94634583313626,-0.25894010786915894,-1.8535844796634537,4.0484972774574475,0.00275760363387698,2022-06-22-15-42-14,112.69166612625122,3.814425,2.599854
3.945031512266433,-0.26255443146950275,-1.8639781216700966,4.047396577827755,0.002742249561919001,2022-06-22-15-42-16,113.813072681427,3.813951,2.599934
3.944045771623746,-0.2595972576138905,-1.8737854521666613,4.046308674604555,0.00272375999434814,2022-06-22-15-42-17,114.93394374847412,3.813448,2.599798
3.9433886111998984,-0.2574615209447831,-1.8831258128022792,4.045236590610757,0.002702232915488758,2022-06-22-15-42-18,116.05234265327454,3.812989,2.599926
3.9433886111998984,-0.26009011992266784,-1.89259351820719,4.044186611441573,0.002674374844195059,2022-06-22-15-42-19,117.184734582901,3.81253,2.599862
3.944867222158742,-0.261240131977245,-1.902006546044896,4.043173148285626,0.0026621731718955545,2022-06-22-15-42-20,118.31823348999023,3.812056,2.599918
3.943224321094512,-0.2635401560896176,-1.9115036947190671,4.042163564172585,0.002651877494040345,2022-06-22-15-42-21,119.43739056587219,3.811626,2.599942
3.9430600309893564,-0.26222585659630676,-1.9390299523978303,4.039685933979552,0.0026535369900520193,2022-06-22-15-42-22,120.55434226989746,3.811197,2.599974
3.943224321094512,-0.25631150889370313,-1.9659684607453904,4.037206644283334,0.002651877486865685,2022-06-22-15-42-23,121.6877191066742,3.810768,2.599918
3.9417457101564075,-0.2579543832527132,-1.992573911213074,4.034714078622693,0.002665153451286706,2022-06-22-15-42-25,122.80548405647278,3.810338,2.599878
3.941252839847853,-0.25729723350884964,-2.0192381365953502,4.032219853473282,0.0026668129400588465,2022-06-22-15-42-26,123.9378592967987,3.809923,2.599894
3.941252839847853,-0.2627187189061336,-2.0466468444331523,4.029720649825077,0.0026618344412655524,2022-06-22-15-42-27,125.0573034286499,3.809509,2.599734
3.941252839847853,-0.25943297017767497,-2.0738792274483684,4.027219786677269,0.002660174941662839,2022-06-22-15-42-28,126.20873618125916,3.809109,2.599918
3.9402670992369617,-0.25894010786915894,-2.101385893435792,4.024705647554381,0.0026668129183175624,2022-06-22-15-42-29,127.32960748672485,3.808724,2.59987
3.9404313893382015,-0.25844724556083837,-2.1290297009055026,4.022191508427855,0.0026668129146795293,2022-06-22-15-42-30,128.4458041191101,3.80831,2.599958
3.9399385190351737,-0.2610758445408113,-2.156222900662672,4.019677369312244,0.002666812903765885,2022-06-22-15-42-31,129.57835865020752,3.807939,2.599894
3.9389527784353344,-0.260418694795295,-2.1831026341470943,4.017156592220077,0.002673450880318885,2022-06-22-15-42-32,130.69466876983643,3.80754,2.599934
3.938295618040045,-0.26025440735897054,-2.2102958338918555,4.014622539145705,0.00267345086569387,2022-06-22-15-42-34,131.8293318748474,3.80717,2.599974
3.938459908138522,-0.2587758204330304,-2.2370188342202972,4.012090145567277,0.002675110361638083,2022-06-22-15-42-35,132.93833017349243,3.806814,2.59995
3.938295618040045,-0.26009011992266784,-2.264329583811062,4.009552773493682,0.0026734508583595258,2022-06-22-15-42-36,134.04416012763977,3.806459,2.600046
3.9373098774540156,-0.2581186706887333,-2.2915031918823465,4.007003784944856,0.00268174833436089,2022-06-22-15-42-37,135.1476526260376,3.806074,2.59987
3.937802747745995,-0.25992583248638695,-2.318480883566527,4.004461434383443,0.002685067322543566,2022-06-22-15-42-38,136.26315999031067,3.80569,2.600062
3.9369812972605134,-0.2610758445408113,-2.34571326660654,4.001910786342378,0.002693364802194895,2022-06-22-15-42-39,137.3689637184143,3.805393,2.599942
3.9369812972605134,-0.26304729377946123,-2.372984832959385,3.9993651168001434,0.0026883863033644495,2022-06-22-15-42-40,138.48956394195557,3.805082,2.599886
3.936488426971985,-0.26321158121615806,-2.40051109065326,3.9968094902713163,0.0026883862922969168,2022-06-22-15-42-41,139.59641766548157,3.804712,2.599862
3.936488426971985,-0.26025440735897054,-2.427841431887919,3.9942522042428728,0.002686726792681822,2022-06-22-15-42-42,140.70103406906128,3.804357,2.599918
3.9355026864011387,-0.26025440735897054,-2.4548778985013104,3.9916866207385824,0.002695024268529823,2022-06-22-15-42-44,141.80428647994995,3.80406,2.599862
3.9363241368762694,-0.2607472696680095,-2.481561715576253,3.9891359727122744,0.0026966837496409627,2022-06-22-15-42-45,142.89398312568665,3.803749,2.599838
3.934024075560393,-0.2614044194137006,-2.5085394072826728,3.9865554537449452,0.002713278693789937,2022-06-22-15-42-46,143.99866271018982,3.803439,2.599822
3.934352655745616,-0.2576258083807381,-2.5353015908769247,3.983976594269772,0.0027149381859447727,2022-06-22-15-42-47,145.1189796924591,3.803098,2.599966
3.9345169458385723,-0.261240131977245,-2.5625339739194257,3.9813993942904866,0.0027165976818332186,2022-06-22-15-42-48,146.23967289924622,3.802772,2.599886
3.933695495376089,-0.2577900958167148,-2.589041466177512,3.978813896831782,0.002724895161252239,2022-06-22-15-42-49,147.3423628807068,3.802432,2.599958
3.9341883656528895,-0.25664008376533226,-2.6161758909439663,3.9762317183611047,0.0027282141492791074,2022-06-22-15-42-50,148.43243670463562,3.80215,2.599886
3.934024075560393,-0.2661687550804698,-2.6442311230019495,3.9736462208949233,0.0027282141455428548,2022-06-22-15-42-51,149.54734897613525,3.80184,2.599894
3.9335312052842824,-0.2591043953053092,-2.6712284063152527,3.9710574044407236,0.0027315331335602804,2022-06-22-15-42-52,150.65247321128845,3.801558,2.599798
3.932874044919353,-0.260418694795295,-2.698343239496811,3.968458631003798,0.0027348521178018263,2022-06-22-15-42-54,151.77023363113403,3.801263,2.599934
3.932874044919353,-0.2607472696680095,-2.7254580726833235,3.965858198067248,0.002733192618176827,2022-06-22-15-42-55,152.87533235549927,3.800951,2.599934
3.932874044919353,-0.2587758204330304,-2.7524357643502984,3.9632610841299454,0.002729873618929296,2022-06-22-15-42-56,153.9655864238739,3.80067,2.599886
3.9318883043788535,-0.2635401560896176,-2.7784926489398885,3.9607486046918776,0.002645239119693354,2022-06-22-15-42-57,155.0714042186737,3.800433,2.600014
3.9312311440231156,-0.26288300634278644,-2.804314433821703,3.9582543797623457,0.0026269846111588425,2022-06-22-15-42-58,156.1878538131714,3.800137,2.599934
3.9312311440231156,-0.2556543591507038,-2.803687501218059,3.957242086862531,0.0011450525814408342,2022-06-22-15-42-59,157.30560541152954,3.799811,2.59983
3.9302454034964,-0.264033018399972,-2.803844234369616,3.9563111093343433,0.0010637372098141443,2022-06-22-15-43-00,158.44357991218567,3.799515,2.599846
3.9317240142895744,-0.2592686827414812,-2.803589542998965,3.955461447152666,0.001012292788417768,2022-06-22-15-43-01,159.56424188613892,3.799249,2.599934
3.9312311440231156,-0.25894010786915894,-2.8032173017648856,3.9546449749150034,0.0009791028444030548,2022-06-22-15-43-02,160.66730999946594,3.798982,2.59991
3.9317240142895744,-0.2614044194137006,-2.803060568613496,3.9538799470798653,0.0009376154169593699,2022-06-22-15-43-04,161.78754210472107,3.798701,2.599878
3.930081113409418,-0.2592686827414812,-2.8027666939550127,3.9531315142244794,0.000921020437206826,2022-06-22-15-43-05,162.90352582931519,3.79839,2.599862
3.9302454034964,-0.2595972576138905,-2.8020809864174536,3.9524129523115956,0.000894468486361361,2022-06-22-15-43-06,164.01033997535706,3.798138,2.59987
3.929259662977952,-0.2579543832527132,-2.802316086143572,3.9516977093984456,0.0008911494866262872,2022-06-22-15-43-07,165.13358616828918,3.797886,2.59983
3.929259662977952,-0.26173299428667735,-2.8026687357336817,3.9510222944083964,0.0008513215635264665,2022-06-22-15-43-08,166.24110960960388,3.79762,2.599926
3.930081113409418,-0.2623901440328938,-2.802727510665457,3.9503701123682644,0.0008446835718202318,2022-06-22-15-43-09,167.3462197780609,3.797353,2.599886
3.929916823322666,-0.2595972576138905,-2.8027275106654574,3.949732865799652,0.0008297481003012667,2022-06-22-15-43-10,168.4801094532013,3.797102,2.599958
3.929259662977952,-0.26304729377946123,-2.8029626103925414,3.949127149671757,0.0007982176595829276,2022-06-22-15-43-11,169.6030249595642,3.796836,2.60003
3.9302454034964,-0.2592686827414812,-2.8029430187486604,3.9485463259887177,0.0007932391645958146,2022-06-22-15-43-12,170.73902034759521,3.796584,2.599918
3.92827392246777,-0.25664008376533226,-2.802453227651901,3.94794724785254,0.0008114936177338443,2022-06-22-15-43-14,171.85678482055664,3.796317,2.59999
3.9286025026369127,-0.2586115329969235,-2.802198536281385,3.94737140266754,0.000794898649771694,2022-06-22-15-43-15,172.97561502456665,3.796036,2.59999
3.9274524720489308,-0.26255443146950275,-2.8024532276522733,3.9468005359780034,0.0007899201543081942,2022-06-22-15-43-16,174.0999047756195,3.795814,2.599918
3.9284382125522264,-0.25992583248638695,-2.802080986417897,3.9462645187118794,0.0007749846804562356,2022-06-22-15-43-17,175.20591735839844,3.795577,2.599926
3.9274524720489308,-0.26025440735897054,-2.801689153539475,3.9457218634640854,0.0007816226621259375,2022-06-22-15-43-18,176.30829548835754,3.795355,2.59991
3.927288181965851,-0.264033018399972,-2.8019634365545896,3.9451991221754965,0.0007617087029218971,2022-06-22-15-43-19,177.41404175758362,3.795073,2.599934
3.9269596018003807,-0.2586115329969235,-2.801493237100985,3.944692975853439,0.0007451137363898933,2022-06-22-15-43-20,178.53374338150024,3.794837,2.599902
3.9261381513907208,-0.2637044435263804,-2.8019634365550283,3.944191808024376,0.0007401352433949331,2022-06-22-15-43-21,179.6511435508728,3.7946,2.599902
3.925480991067122,-0.26173299428667735,-2.8027471023096893,3.943695618687519,0.0007351567511894647,2022-06-22-15-43-23,180.78756427764893,3.794363,2.599902
3.9274524720489308,-0.26222585659630676,-2.803315259982457,3.9432243217893403,0.0007500922111335273,2022-06-22-15-43-24,181.9055278301239,3.794096,2.599966
3.924823830747193,-0.2610758445408113,-2.8033152599824573,3.9427430679232254,0.0007600491790696873,2022-06-22-15-43-25,183.02522587776184,3.793859,2.59995
3.924330960509655,-0.25943297017767497,-2.8037854594348803,3.9422684520448072,0.0007534111913738697,2022-06-22-15-43-26,184.1593885421753,3.793652,2.599838
3.924330960509655,-0.260418694795295,-2.8039421925859775,3.9418054526412174,0.000741794716545083,2022-06-22-15-43-27,185.2671182155609,3.793386,2.599934
3.9256452811476774,-0.25992583248638695,-2.8038050510786845,3.941364026685618,0.000746773200635467,2022-06-22-15-43-28,186.37124729156494,3.793119,2.599934
3.9253167009867953,-0.26025440735897054,-2.8039226009420073,3.940925919724013,0.0007434542066415157,2022-06-22-15-43-29,187.48837852478027,3.792912,2.599918
3.924166670430934,-0.25844724556083837,-2.803589542995904,3.940481174781261,0.0007500921877888386,2022-06-22-15-43-30,188.5924096107483,3.792675,2.599926
3.924002380352442,-0.2569686586370477,-2.802668735732406,3.940056343795349,0.000730178230947873,2022-06-22-15-43-31,189.69566941261292,3.792438,2.599862
3.923345220040768,-0.2587758204330304,-2.802668735732406,3.939626534322827,0.0007351567175579026,2022-06-22-15-43-33,190.80304527282715,3.79223,2.599926
3.924659540667784,-0.2637044435263804,-2.802943018747447,3.9392265957794677,0.0007318377202544235,2022-06-22-15-43-34,191.92395877838135,3.792009,2.599958
3.923016639886307,-0.2581186706887333,-2.802629552445335,3.938813381271339,0.000745113685024584,2022-06-22-15-43-35,193.04467749595642,3.791772,2.600038
3.923509510118343,-0.2627187189061336,-2.803040976967376,3.9384300376947414,0.0007251997278764479,2022-06-22-15-43-36,194.1640658378601,3.791535,2.599966
3.923016639886307,-0.2586115329969235,-2.8028842438163415,3.9380417156309533,0.0007301782150687276,2022-06-22-15-43-37,195.28349471092224,3.791357,2.599926
3.9231809299634226,-0.2618972817231986,-2.8029038354602607,3.9376633505442236,0.0007235402294673066,2022-06-22-15-43-38,196.40323495864868,3.791076,2.599838
3.9221951895041647,-0.25844724556083837,-2.803021385323414,3.9372866449569215,0.0007218807300396536,2022-06-22-15-43-39,197.50556468963623,3.790854,2.599966
3.9221951895041647,-0.26321158121615806,-2.8034524014895053,3.936909939369618,0.0007218807300396536,2022-06-22-15-43-40,198.60536432266235,3.790661,2.600046
3.923345220040768,-0.25844724556083837,-2.8032173017629214,3.9365548072298027,0.0007235402226858715,2022-06-22-15-43-41,199.71418356895447,3.790425,2.599902
3.9221951895041647,-0.2620615691597417,-2.8030409769675027,3.9361847396274565,0.0007318377002884283,2022-06-22-15-43-43,200.83511066436768,3.790231,2.599966
3.921866609352912,-0.2587758204330304,-2.803334851625286,3.9358312669883264,0.0007152427370705368,2022-06-22-15-43-44,201.95749592781067,3.78998,2.599926
3.9217023192776295,-0.2586115329969235,-2.8033348516252867,3.9354761348534884,0.0007169022327804635,2022-06-22-15-43-45,203.0732614994049,3.789758,2.599958
3.921373739127752,-0.2592686827414812,-2.802884243815371,3.935139257177723,0.0006986477737078678,2022-06-22-15-43-46,204.20869207382202,3.789536,2.600014
3.9210451589787905,-0.2595972576138905,-2.8030409769663645,3.934795741518197,0.0006986477727548165,2022-06-22-15-43-47,205.3148603439331,3.789329,2.599926
3.921373739127752,-0.2618972817231986,-2.803374034912646,3.9344588638424303,0.0006986477718017651,2022-06-22-15-43-48,206.45492148399353,3.789121,2.59995
3.9205522887570674,-0.26255443146950275,-2.8038246427223803,3.9341203266728577,0.0007003072656081504,2022-06-22-15-43-49,207.57566857337952,3.788899,2.599934
3.920223708610397,-0.25992583248638695,-2.8035699513515935,3.933778470511905,0.0007036262569886591,2022-06-22-15-43-50,208.70963382720947,3.788677,2.60003
3.9198951284646433,-0.2595972576138905,-2.8036483179271112,3.933449890321131,0.0006903502868098374,2022-06-22-15-43-52,209.83106803894043,3.78844,2.599958
3.9197308383921095,-0.2568043712011792,-2.8033348516253302,3.933124629123095,0.0006870312940724837,2022-06-22-15-43-53,210.950279712677,3.788233,2.59995
3.920059418537405,-0.2576258083807381,-2.803119343542785,3.9328159628854404,0.000677074316423025,2022-06-22-15-43-54,212.0740520954132,3.788011,2.599966
3.918745097961718,-0.2627187189061336,-2.8032368934063427,3.93248074471336,0.0006770743128179222,2022-06-22-15-43-55,213.20984888076782,3.787774,2.60007
3.918745097961718,-0.25992583248638695,-2.8033740349135075,3.932162121502526,0.0006604793515711499,2022-06-22-15-43-56,214.3445680141449,3.787596,2.599974
3.919237968175883,-0.2592686827414812,-2.8031389351867677,3.9318468172825893,0.0006637983424687363,2022-06-22-15-43-57,215.4648985862732,3.787374,2.60007
3.9185808078907876,-0.2576258083807381,-2.802727510665273,3.931534832056625,0.0006604793484963569,2022-06-22-15-43-58,216.59742712974548,3.787137,2.59999
3.9198951284646433,-0.2614044194137006,-2.8027666939530937,3.931246079772619,0.0006637983373226574,2022-06-22-15-43-59,217.71821212768555,3.786915,2.59991
3.918745097961718,-0.2591043953053092,-2.802903835460168,3.9309457110188877,0.0006754148070491732,2022-06-22-15-44-01,218.8250892162323,3.786723,2.60003
3.918745097961718,-0.2618972817231986,-2.8030605686114525,3.9306586182337804,0.0006621388384247893,2022-06-22-15-44-02,219.92839169502258,3.786486,2.59999
3.9194022582477293,-0.26091155710439945,-2.8034524014890407,3.9303848014156144,0.0006621388368554991,2022-06-22-15-44-03,221.04968094825745,3.786308,2.600006
3.917759357539569,-0.261568706850178,-2.803099751898132,3.930097708632916,0.0006754148013894267,2022-06-22-15-44-04,222.1560776233673,3.786116,2.59999
3.917759357539569,-0.2587758204330304,-2.803080160254259,3.9298089563541616,0.0006737553053335096,2022-06-22-15-44-05,223.26333832740784,3.785864,2.59995
3.917266487331585,-0.258282958124775,-2.802570777512921,3.929528501556839,0.0006654578239007507,2022-06-22-15-44-06,224.36468124389648,3.785701,2.600094
3.917266487331585,-0.25992583248638695,-2.8026099608006954,3.9292580037357063,0.0006555008477119911,2022-06-22-15-44-07,225.4864571094513,3.785465,2.600022
3.917266487331585,-0.2579543832527132,-2.8026687357322597,3.928994143898653,0.000648862863632724,2022-06-22-15-44-08,226.62224173545837,3.785257,2.599918
3.9171021972627154,-0.25614722145792096,-2.802198536279589,3.9287286245659545,0.0006505223592778719,2022-06-22-15-44-09,227.73993635177612,3.78505,2.599974
3.9161164568543,-0.261240131977245,-2.802198536279589,3.9284382127952022,0.000645543868869507,2022-06-22-15-44-11,228.85516548156738,3.784842,2.599974
3.9167736171256613,-0.25647579632950696,-2.8013560955922685,3.9281710339672347,0.0006355868911637657,2022-06-22-15-44-12,229.97606921195984,3.784665,2.599958
3.9166093270574778,-0.2595972576138905,-2.801042629289782,3.9279038551396397,0.0006355868907903091,2022-06-22-15-44-13,231.09417462348938,3.784428,2.599966
3.916445036989523,-0.25729723350884964,-2.8011601791528262,3.927633357320397,0.0006355868904145423,2022-06-22-15-44-14,232.19892406463623,3.784206,2.599878
3.914966426388226,-0.26058298223164134,-2.8014736454548967,3.927362859504557,0.0006355868870124466,2022-06-22-15-44-15,233.3215048313141,3.784014,2.60003
3.916445036989523,-0.2623901440328938,-2.802080986415441,3.9271122756373003,0.0006455438596664131,2022-06-22-15-44-16,234.44205951690674,3.783821,2.600046
3.916280746921797,-0.2579543832527132,-2.801512828742448,3.9268600322744107,0.0006472033553000102,2022-06-22-15-44-17,235.53393387794495,3.783628,2.600014
3.915130716454122,-0.26304729377946123,-2.801943844908482,3.926596172442151,0.0006588198246704651,2022-06-22-15-44-18,236.66909790039062,3.783436,2.599998
3.9144735561919113,-0.26304729377946123,-2.80243363600615,3.9263356316033122,0.0006555008312494471,2022-06-22-15-44-20,237.78949213027954,3.783229,2.599998
3.914309266126931,-0.2635401560896176,-2.8030409769672593,3.926071771772895,0.0006555008308831902,2022-06-22-15-44-21,238.92396926879883,3.783006,2.600086
3.9146378462571207,-0.26288300634278644,-2.8032564850504045,3.9258162094216016,0.0006538413341878565,2022-06-22-15-44-22,240.04485964775085,3.782814,2.599974
3.913980685997655,-0.25943297017767497,-2.803138935187066,3.925563966063645,0.000650522340850749,2022-06-22-15-44-23,241.1844184398651,3.782606,2.600062
3.9146378462571207,-0.25729723350884964,-2.8027862855973766,3.9253249986718983,0.0006505223394787915,2022-06-22-15-44-24,242.33515977859497,3.782399,2.599998
3.9146378462571207,-0.26091155710439945,-2.8030409769679268,3.9250843717842065,0.0006488628435345786,2022-06-22-15-44-25,243.4539453983307,3.782192,2.600118
3.913652105869294,-0.258282958124775,-2.8028254688852674,3.924835447418846,0.000657160321204776,2022-06-22-15-44-26,244.5749876499176,3.782015,2.600078
3.912994945615317,-0.26091155710439945,-2.803158526831283,3.9245898420467378,0.0006538413279517226,2022-06-22-15-44-27,245.71039748191833,3.781778,2.599974
3.912830655552394,-0.25894010786915894,-2.803040976967991,3.9243375986912463,0.000650522335739031,2022-06-22-15-44-29,246.83154153823853,3.7816,2.599982
3.9138163959333605,-0.26025440735897054,-2.802943018748484,3.924103609788951,0.0006521818296328167,2022-06-22-15-44-30,247.95308327674866,3.781422,2.600038
3.9121734953029894,-0.2591043953053092,-2.8024728192946906,3.923853025930794,0.000668776785495151,2022-06-22-15-44-31,249.0740451812744,3.781171,2.600006
3.913652105869294,-0.26386873096316515,-2.8025511858704797,3.9236223560206653,0.0006787337579979431,2022-06-22-15-44-32,250.21133160591125,3.780978,2.599998
3.9126663654897,-0.26321158121615806,-2.8029038354610116,3.9233817291370063,0.0006886907315291965,2022-06-22-15-44-33,251.32840418815613,3.780771,2.600022
3.9125020754272346,-0.2618972817231986,-2.8030997519000924,3.9231493997332296,0.0006803932516465602,2022-06-22-15-44-34,252.4457986354828,3.780578,2.600014
3.911352044996376,-0.2623901440328938,-2.803295668339252,3.922897156380907,0.000683712241098358,2022-06-22-15-44-35,253.58063411712646,3.780371,2.599942
3.9121734953029894,-0.2576258083807381,-2.802845060529935,3.9226764434490136,0.0006687767763583295,2022-06-22-15-44-36,254.71437764167786,3.780208,2.59999
3.912009205241209,-0.2592686827414812,-2.803040976968599,3.922450752029776,0.0006671172801619368,2022-06-22-15-44-38,255.85278153419495,3.779957,2.59999
3.912009205241209,-0.26288300634278644,-2.8032368934078358,3.9222234011146515,0.0006654577842734907,2022-06-22-15-44-39,256.97398233413696,3.779794,2.600006
3.9106948847551983,-0.2627187189061336,-2.803824642724688,3.9219910717144404,0.0006704362693596304,2022-06-22-15-44-40,258.0936391353607,3.779601,2.59995
3.911187754935738,-0.2551614968436804,-2.8036483179302496,3.9217587423132567,0.0006704362683872993,2022-06-22-15-44-41,259.21480560302734,3.779408,2.599998
3.9105305946954747,-0.2627187189061336,-2.8032368934070533,3.9215214344257325,0.0006754147547283767,2022-06-22-15-44-42,260.3371982574463,3.779201,2.599982
3.9106948847551983,-0.2587758204330304,-2.803197710119305,3.9212907645213986,0.0006720957626436592,2022-06-22-15-44-43,261.468248128891,3.778994,2.599974
3.9108591748151498,-0.2620615691597417,-2.8033936265584107,3.9210683920961036,0.0006671172747145904,2022-06-22-15-44-44,262.58553862571716,3.778802,2.599902
3.911352044996376,-0.258282958124775,-2.8030997519001617,3.9208509981574875,0.0006720957613936422,2022-06-22-15-44-45,263.7233030796051,3.778565,2.599942
3.909873434458867,-0.25992583248638695,-2.803236893407327,3.920618668758897,0.0006870312213684814,2022-06-22-15-44-47,264.8420855998993,3.778358,2.600022
3.910037724517677,-0.2591043953053092,-2.802707919021704,3.9203979558310063,0.0006787337417554566,2022-06-22-15-44-48,265.95935583114624,3.778194,2.60003
3.909051984168247,-0.26288300634278644,-2.8027079190217035,3.9201739239132802,0.0006820527315907277,2022-06-22-15-44-49,267.0956356525421,3.777958,2.599942
3.90938056428381,-0.2595972576138905,-2.8031781184741886,3.9199532109866206,0.0006853717226570187,2022-06-22-15-44-50,268.20208525657654,3.77778,2.599918
3.9097091444002863,-0.26321158121615806,-2.8030801602544457,3.9197457740260537,0.0006787337387152084,2022-06-22-15-44-51,269.30414843559265,3.777588,2.599934
3.908887694110808,-0.261240131977245,-2.8033152599811855,3.919515104125259,0.00067209575382939,2022-06-22-15-44-52,270.4227135181427,3.777365,2.599934
3.9083948239398625,-0.2683044917647135,-2.8044319836862623,3.9192844342254287,0.0006720957528646084,2022-06-22-15-44-53,271.5254096984863,3.777188,2.599862
3.90938056428381,-0.2581186706887333,-2.8040401508085186,3.919058742811229,0.000677074238495807,2022-06-22-15-44-54,272.6510727405548,3.776995,2.599982
3.908559113996616,-0.260418694795295,-2.8041772923157375,3.918841348877766,0.0006687767577588103,2022-06-22-15-44-56,273.77312302589417,3.776803,2.599998
3.908723404053598,-0.2651830304582374,-2.8048434082093223,3.9186239549440005,0.0006687767574557755,2022-06-22-15-44-57,274.87838077545166,3.776581,2.599958
3.9067519233848826,-0.26452588071052474,-2.8056270739657503,3.9183966040390197,0.0006787337286705968,2022-06-22-15-44-58,276.0137870311737,3.776418,2.599958
3.9083948239398625,-0.26091155710439945,-2.8055291157461903,3.9181858480891414,0.0006953286837714033,2022-06-22-15-44-59,277.1325373649597,3.776225,2.59991
3.9069162134393536,-0.261568706850178,-2.805431157526579,3.917951859200554,0.0007019666642667897,2022-06-22-15-45-00,278.25756096839905,3.776033,2.599902
3.907901953770971,-0.26173299428667735,-2.805685848897298,3.91772948678084,0.0007102641414876541,2022-06-22-15-45-01,279.3757326602936,3.775826,2.600014
3.9069162134393536,-0.26058298223164134,-2.8053919742385016,3.917503795371359,0.0007135831312543561,2022-06-22-15-45-02,280.4793095588684,3.775618,2.599998
3.90806624382704,-0.2576258083807381,-2.805196057799837,3.9172797634555065,0.0007152426248830295,2022-06-22-15-45-03,281.5960462093353,3.775426,2.599974
3.906094763169282,-0.25992583248638695,-2.805587890677115,3.9170557315434005,0.0007152426211368499,2022-06-22-15-45-04,282.71401810646057,3.775219,2.59999
3.9069162134393536,-0.2620615691597417,-2.8059993151989366,3.916836678117162,0.0007202211070048199,2022-06-22-15-45-06,283.8188257217407,3.775011,2.600022
3.9069162134393536,-0.261240131977245,-2.8058425820475685,3.91662924116151,0.000708604636419144,2022-06-22-15-45-07,284.9377794265747,3.774863,2.599958
3.9062590532228403,-0.261568706850178,-2.806038498486597,3.9164052092490924,0.0007052856436233633,2022-06-22-15-45-08,286.05871963500977,3.774656,2.599974
3.906094763169282,-0.26469016814741975,-2.806567472872713,3.9161894748159645,0.0006969881643330881,2022-06-22-15-45-09,287.1807293891907,3.774464,2.59999
3.9064233432766264,-0.2581186706887333,-2.8058621736920224,3.9159787188696087,0.0006986476595276828,2022-06-22-15-45-10,288.29730129241943,3.774271,2.600006
3.9059304731159528,-0.25992583248638695,-2.8060189068430574,3.9157663034283523,0.0007003071544287256,2022-06-22-15-45-11,289.432359457016,3.774064,2.599958
3.9065876333306404,-0.26304729377946123,-2.80594054026728,3.915568823447947,0.0006986476575098132,2022-06-22-15-45-12,290.57169008255005,3.773856,2.599942
3.9057661830628514,-0.26058298223164134,-2.8058033987599136,3.9153696839731564,0.0007003071518955734,2022-06-22-15-45-13,291.68962478637695,3.773634,2.60003
3.9052733129049164,-0.2591043953053092,-2.805431157525785,3.9151456520626104,0.0006853716890281614,2022-06-22-15-45-15,292.8105847835541,3.773442,2.599998
3.9056018930099783,-0.2607472696680095,-2.805391974237974,3.914951491075367,0.0006621387476475988,2022-06-22-15-45-16,293.9306592941284,3.77325,2.599814
3.904451862646255,-0.26091155710439945,-2.8055682990330175,3.91475069210705,0.0006687767287201712,2022-06-22-15-45-17,295.0535809993744,3.773057,2.600046
3.9039589924937954,-0.25943297017767497,-2.8054507491696787,3.9145449146523443,0.000673755215108654,2022-06-22-15-45-18,296.1906189918518,3.772865,2.599934
3.905109022852728,-0.2614044194137006,-2.805627073964793,3.91433747769987,0.0006720957173400689,2022-06-22-15-45-19,297.30730390548706,3.772642,2.599998
3.904451862646255,-0.26452588071052474,-2.8061364567069447,3.914126721757037,0.0006754147076995716,2022-06-22-15-45-20,298.43113589286804,3.772435,2.599982
3.904780442749035,-0.26222585659630676,-2.806587064516561,3.9139309012754016,0.0006671172283755142,2022-06-22-15-45-21,299.57895851135254,3.772228,2.600046
3.904287572595207,-0.2618972817231986,-2.807174813833022,3.913731761803107,0.000670436219035477,2022-06-22-15-45-22,300.6848864555359,3.772035,2.600046
3.903137542244257,-0.2586115329969235,-2.8071552221891527,3.9135276438455664,0.0006754147042806858,2022-06-22-15-45-24,301.8221626281738,3.771828,2.600006
3.9034661223433886,-0.2592686827414812,-2.806626247803459,3.9133135689129968,0.0006654577292515509,2022-06-22-15-45-25,302.9550290107727,3.771635,2.600038
3.9034661223433886,-0.26173299428667735,-2.8070572639690345,3.913116088937816,0.0006488627718628955,2022-06-22-15-45-26,304.0711159706116,3.771428,2.599854
3.9023160920004205,-0.25992583248638695,-2.806724206022532,3.9129020140073316,0.0006555007527814048,2022-06-22-15-45-27,305.20505356788635,3.771251,2.599982
3.9033018322937085,-0.26009011992266784,-2.8069005308174573,3.9127028745367,0.0006604792382485998,2022-06-22-15-45-28,306.32728910446167,3.771073,2.59995
3.901330351715339,-0.2648544555843369,-2.8072531804084604,3.9124821616251033,0.0006787336877562182,2022-06-22-15-45-29,307.4482789039612,3.770851,2.599934
3.902644672097271,-0.26009011992266784,-2.807449096847254,3.912284681651296,0.0006820526768741419,2022-06-22-15-45-30,308.5675935745239,3.770658,2.599966
3.902151801952337,-0.260418694795295,-2.8071160389006176,3.9120822231911765,0.0006870311631866091,2022-06-22-15-45-31,309.68694519996643,3.770466,2.600022
3.902151801952337,-0.2618972817231986,-2.807527463422386,3.9118681482609907,0.0006754146931199075,2022-06-22-15-45-33,310.792738199234,3.770244,2.600054
3.902151801952337,-0.25976154505012783,-2.8072531804077103,3.911665689800871,0.0006637982230532061,2022-06-22-15-45-34,311.9138114452362,3.770022,2.59999
3.9010017716221355,-0.26222585659630676,-2.8076646049295872,3.9114549338641966,0.0006720956996082462,2022-06-22-15-45-35,313.0373270511627,3.769844,2.599934
3.9023160920004205,-0.2637044435263804,-2.808271945890777,3.9112591133866492,0.0006837121673153402,2022-06-22-15-45-36,314.1551148891449,3.769637,2.599998
3.901987511904481,-0.25894010786915894,-2.808232762603024,3.911063292909647,0.00068371216677051,2022-06-22-15-45-37,315.2606360912323,3.769429,2.60015
3.900508901484039,-0.2620615691597417,-2.808526637261586,3.9108558559652553,0.0006953286341592057,2022-06-22-15-45-38,316.3810279369354,3.769237,2.599974
3.9010017716221355,-0.2620615691597417,-2.808546228905508,3.910650078515704,0.0006969881289989551,2022-06-22-15-45-39,317.49602341651917,3.769045,2.59999
3.900673191529844,-0.2627187189061336,-2.808565820549441,3.9104492795538133,0.0006920096413384213,2022-06-22-15-45-40,318.6124053001404,3.768852,2.600054
3.899687451258436,-0.264033018399972,-2.8090556116475014,3.9102418426108643,0.0006986476223963747,2022-06-22-15-45-42,319.74924206733704,3.768659,2.600086
3.900673191529844,-0.2587758204330304,-2.80895765342811,3.910047681631725,0.0007052856034635865,2022-06-22-15-45-43,320.8703258037567,3.768452,2.600086
3.9008374815758753,-0.2581186706887333,-2.809114386578917,3.9098568396436826,0.000705285603195886,2022-06-22-15-45-44,322.00271701812744,3.76823,2.60011
3.900344611438463,-0.25729723350884964,-2.8090752032912154,3.909657700178037,0.0007069450980657528,2022-06-22-15-45-45,323.122740983963,3.768053,2.600054
3.9000160313479943,-0.2586115329969235,-2.8085854121936777,3.909468517686989,0.0006969881234675908,2022-06-22-15-45-46,324.24234223365784,3.767845,2.600086
3.8991945811258084,-0.2623901440328938,-2.808879286852318,3.9092710377189497,0.0007052856004593679,2022-06-22-15-45-47,325.37624073028564,3.767608,2.600102
3.899851741303101,-0.26255443146950275,-2.809271119730426,3.9090752172454875,0.0007069450950364185,2022-06-22-15-45-48,326.4960227012634,3.767431,2.600102
3.8995231612139993,-0.26025440735897054,-2.8095845860324133,3.9088827157639034,0.0007036261031576954,2022-06-22-15-45-49,327.61606001853943,3.767238,2.59995
3.898866001038529,-0.26452588071052474,-2.809956827267237,3.9086703003353573,0.0006969881193356188,2022-06-22-15-45-50,328.7382206916809,3.767046,2.59999
3.8987017109952307,-0.2591043953053092,-2.809956827267237,3.90846784188115,0.000687031144995957,2022-06-22-15-45-52,329.82911252975464,3.766824,2.59999
3.8982088408667033,-0.2620615691597417,-2.80997641891116,3.9082604049407963,0.0006920096311426983,2022-06-22-15-45-53,330.9341127872467,3.766617,2.599974
3.8987017109952307,-0.2610758445408113,-2.8099960105550665,3.908051308503902,0.0006903501346024594,2022-06-22-15-45-54,332.0382516384125,3.766409,2.600014
3.8982088408667033,-0.26091155710439945,-2.8099176439794236,3.907853828537509,0.0006787336641011157,2022-06-22-15-45-55,333.15899205207825,3.766217,2.600094
3.898866001038529,-0.25943297017767497,-2.809996010554931,3.90766298655265,0.000685371645634711,2022-06-22-15-45-56,334.2784562110901,3.765994,2.599942
3.8978802607821565,-0.2554900717150078,-2.809662952609618,3.9074671660824527,0.0006903501309719718,2022-06-22-15-45-57,335.39943170547485,3.765802,2.59999
3.8972231006157965,-0.26222585659630676,-2.80993723562433,3.9072647076307785,0.0006969881124503565,2022-06-22-15-45-58,336.5350251197815,3.765595,2.600198
3.8970588105747757,-0.26091155710439945,-2.810289885214206,3.90706058968374,0.0006986476078142031,2022-06-22-15-45-59,337.6546242237091,3.765402,2.599998
3.897551680698521,-0.260418694795295,-2.810799267954667,3.906863109718445,0.0007019665982674939,2022-06-22-15-46-01,338.7620413303375,3.76518,2.60007
3.8964016504129684,-0.26058298223164134,-2.8107209013790455,3.9066639702594417,0.0007036260919759508,2022-06-22-15-46-02,339.865070104599,3.765002,2.600014
3.8973873906570446,-0.2610758445408113,-2.8112694674074516,3.9064681497900615,0.0007069450815993331,2022-06-22-15-46-03,340.98724484443665,3.76478,2.600054
3.8968945205339827,-0.2614044194137006,-2.8114849754903397,3.906269010330228,0.0007102640720526509,2022-06-22-15-46-04,342.09229373931885,3.764588,2.599966
3.8964016504129684,-0.26058298223164134,-2.811876808367824,3.9060665518799595,0.000713583062487595,2022-06-22-15-46-05,343.19566774368286,3.764425,2.600014
3.8947587500243834,-0.26091155710439945,-2.8119159916556296,3.9058624339368904,0.0007152425552884816,2022-06-22-15-46-06,344.3160216808319,3.764218,2.600022
3.8955802002158313,-0.25976154505012783,-2.811602525353101,3.9056516780098836,0.0007086045713506098,2022-06-22-15-46-07,345.4354844093323,3.763995,2.599998
3.8955802002158313,-0.2587758204330304,-2.8117004835724275,3.905442581578509,0.0007069450757170127,2022-06-22-15-46-08,346.5728294849396,3.763788,2.60003
3.8957444902548035,-0.26091155710439945,-2.811445792201437,3.905246761111849,0.0006969881016897116,2022-06-22-15-46-09,347.7068467140198,3.763581,2.60003
3.8954159101770864,-0.2592686827414812,-2.8109951843915226,3.9050542596369517,0.0006936691099271515,2022-06-22-15-46-11,348.8297448158264,3.763389,2.600086
3.894101589875321,-0.26288300634278644,-2.8109168178157544,3.904850141695016,0.0007052855769653845,2022-06-22-15-46-12,349.9462978839874,3.763181,2.599934
3.895908780294003,-0.2641973058368009,-2.8110735509673317,3.90466095921054,0.0007202210344249024,2022-06-22-15-46-13,351.0781123638153,3.763004,2.600014
3.894923040062218,-0.2577900958167148,-2.8108776345286417,3.904468457736445,0.0007235400240442924,2022-06-22-15-46-14,352.1980812549591,3.762811,2.599982
3.894923040062218,-0.2569686586370477,-2.8108384512409503,3.9042693182799306,0.0007169020416254479,2022-06-22-15-46-15,353.33390069007874,3.762604,2.600094
3.8945944599867763,-0.261240131977245,-2.8108776345287656,3.9040668598327555,0.0007202210322864739,2022-06-22-15-46-16,354.45402455329895,3.762412,2.599942
3.8945944599867763,-0.26058298223164134,-2.8111519175431137,3.903874358359194,0.0007102640586720636,2022-06-22-15-46-17,355.5740864276886,3.762219,2.599998
3.893608719765913,-0.26222585659630676,-2.8113086506944414,3.903678537896069,0.0007135830482365704,2022-06-22-15-46-18,356.7125434875488,3.761982,2.600014
3.8927872695881147,-0.261240131977245,-2.8115829337089346,3.903476079451985,0.0007202210291949087,2022-06-22-15-46-20,357.82911801338196,3.761775,2.600006
3.8934444297298985,-0.264033018399972,-2.8120335415192104,3.9032703020155863,0.0007169020368799331,2022-06-22-15-46-21,358.94952607154846,3.761582,2.600046
3.893773009802155,-0.260418694795295,-2.812190274670307,3.903084438525679,0.0007036260716464529,2022-06-22-15-46-22,360.0874173641205,3.761375,2.59999
3.892622979553238,-0.26255443146950275,-2.8120335415187716,3.902872023108345,0.0007003070785415278,2022-06-22-15-46-23,361.2039942741394,3.761153,2.600038
3.893608719765913,-0.2587758204330304,-2.8115045671332894,3.902679521636387,0.0007003070768554781,2022-06-22-15-46-24,362.33506655693054,3.760946,2.600006
3.8914729493154625,-0.2653473178952208,-2.81191599165621,3.9024671062211174,0.0007202210201684591,2022-06-22-15-46-25,363.4536452293396,3.760753,2.59995
3.8932801396941112,-0.25894010786915894,-2.811504567134279,3.9022845617231146,0.0007268589994390654,2022-06-22-15-46-26,364.58835911750793,3.760546,2.599942
3.8914729493154625,-0.25894010786915894,-2.8116613002851896,3.9020754652989993,0.0007368159698636637,2022-06-22-15-46-27,365.72525453567505,3.760309,2.600014
3.891308659282404,-0.26321158121615806,-2.812131499739045,3.9018663688751722,0.0007368159695735433,2022-06-22-15-46-29,366.84369707107544,3.760102,2.599998
3.8908157891845927,-0.2620615691597417,-2.8120335415193947,3.9016522939655105,0.0007417944554100232,2022-06-22-15-46-30,367.9637961387634,3.759895,2.59999
3.8909800792169693,-0.2610758445408113,-2.811837625080184,3.901453154515629,0.0007301779861813943,2022-06-22-15-46-31,369.0986588001251,3.759702,2.59999
3.891308659282404,-0.2635401560896176,-2.812836798918106,3.901252355569635,0.000728518490069226,2022-06-22-15-46-32,370.21963715553284,3.759465,2.599982
3.890487209120522,-0.260418694795295,-2.8125625159032843,3.901049897129485,0.0007301779842269936,2022-06-22-15-46-33,371.338365316391,3.759272,2.59999
3.8909800792169693,-0.26058298223164134,-2.812778023986029,3.900850757679603,0.0007334969744969295,2022-06-22-15-46-34,372.4683961868286,3.75908,2.600038
3.890487209120522,-0.26025440735897054,-2.8125625159030267,3.900644980248344,0.0007368159647645641,2022-06-22-15-46-35,373.58736872673035,3.758843,2.599982
3.8909800792169693,-0.25894010786915894,-2.8126408824785023,3.900439202816229,0.0007368159639082121,2022-06-22-15-46-36,374.72156739234924,3.758651,2.599942
3.8896657589643215,-0.2591043953053092,-2.8125429242590854,3.900235084881941,0.00073515646608133,2022-06-22-15-46-38,375.8405900001526,3.758414,2.599966
3.890487209120522,-0.2614044194137006,-2.8128172072736146,3.9000376049284347,0.000741794446863051,2022-06-22-15-46-39,376.94378900527954,3.758221,2.599974
3.890487209120522,-0.2581186706887333,-2.8122490496005463,3.899850081948154,0.0007318374736364875,2022-06-22-15-46-40,378.0645682811737,3.758,2.599942
3.8885157287551837,-0.2592686827414812,-2.812209866312782,3.8996393260337237,0.0007484324256544222,2022-06-22-15-46-41,379.1539480686188,3.757777,2.60007
3.889501468933763,-0.25992583248638695,-2.8118180334344647,3.8994352080997174,0.0007550704060797054,2022-06-22-15-46-42,380.2457835674286,3.7576,2.59999
3.8896657589643215,-0.26058298223164134,-2.811739666858843,3.8992410471386427,0.000748432423666374,2022-06-22-15-46-43,381.3675796985626,3.757407,2.600094
3.889337178903432,-0.2595972576138905,-2.810701309729284,3.8990485456736286,0.0007467729276052042,2022-06-22-15-46-44,382.48797392845154,3.75717,2.600006
3.8886800187843784,-0.2607472696680095,-2.811014776031397,3.898839449254442,0.0007434539354345575,2022-06-22-15-46-45,383.6083402633667,3.756978,2.59995
3.889501468933763,-0.2587758204330304,-2.810818859592551,3.8986469477891608,0.0007434539340425442,2022-06-22-15-46-46,384.7129850387573,3.756771,2.599926
3.8886800187843784,-0.2607472696680095,-2.810289885206222,3.898444489352099,0.0007500919147738856,2022-06-22-15-46-48,385.81928992271423,3.756563,2.599926
3.887694278612614,-0.2591043953053092,-2.8096433609568687,3.8982519878897524,0.00074013494005721,2022-06-22-15-46-49,386.93639373779297,3.756341,2.599878
3.8896657589643215,-0.2614044194137006,-2.809702135888597,3.898062805415252,0.0007434539279029435,2022-06-22-15-46-50,388.042870759964,3.756163,2.599966
3.8867085384490254,-0.2664973299547244,-2.8102898852072515,3.897858687486057,0.000758389382597764,2022-06-22-15-46-51,389.16051387786865,3.755956,2.599958
3.887694278612614,-0.2618972817231986,-2.810309476851171,3.8976545695551645,0.0007583893809005043,2022-06-22-15-46-52,390.27275013923645,3.755734,2.59991
3.887201408529798,-0.26288300634278644,-2.8105837598660295,3.8974554301116338,0.000753410893538874,2022-06-22-15-46-53,391.3947403430939,3.755527,2.599942
3.887694278612614,-0.2591043953053092,-2.810760084660815,3.8972496526852254,0.000746772910661393,2022-06-22-15-46-54,392.51604413986206,3.755319,2.600014
3.886544248422555,-0.26321158121615806,-2.811151917539133,3.897052172738288,0.0007384754311896826,2022-06-22-15-46-55,393.61934304237366,3.755082,2.599934
3.8862156683702964,-0.2627187189061336,-2.8112302841148487,3.8968430763234507,0.000733496944141068,2022-06-22-15-46-56,394.72731828689575,3.754875,2.59999
3.8868728284757226,-0.2607472696680095,-2.811171509183128,3.896640617889475,0.0007401349250039585,2022-06-22-15-46-58,395.84603333473206,3.754683,2.59995
3.8863799583963123,-0.2618972817231986,-2.8112106924709654,3.8964398189518326,0.000738475428669584,2022-06-22-15-46-59,396.96554589271545,3.754431,2.599934
3.8862156683702964,-0.2586115329969235,-2.810485801646029,3.896239020014469,0.0007384754283913779,2022-06-22-15-47-00,398.05347990989685,3.754239,2.599942
3.8855585082685025,-0.2623901440328938,-2.8109951843872993,3.8960282641052957,0.0007417944182343017,2022-06-22-15-47-01,399.1883533000946,3.754061,2.599902
3.88506563819454,-0.26386873096316515,-2.811465383841406,3.895817508196999,0.0007417944173584323,2022-06-22-15-47-02,400.28061175346375,3.753839,2.599958
3.8860513783445074,-0.25844724556083837,-2.810916817812127,3.8956100712779467,0.0007451134066036838,2022-06-22-15-47-03,401.38400888442993,3.753631,2.600022
3.8857227982936102,-0.26025440735897054,-2.8108776345243314,3.8954076128459345,0.0007401349195643725,2022-06-22-15-47-04,402.48913621902466,3.753424,2.600038
3.885394218243621,-0.2607472696680095,-2.811073550963229,3.8952068139099616,0.0007384754235245146,2022-06-22-15-47-05,403.5981504917145,3.753187,2.59999
3.8847370581463667,-0.2637044435263804,-2.811426200553903,3.8949960580022482,0.0007417944133446418,2022-06-22-15-47-06,404.71755361557007,3.752995,2.59999
3.8857227982936102,-0.26321158121615806,-2.811700483568835,3.8948068755340395,0.0007401349162084846,2022-06-22-15-47-08,405.82342982292175,3.752773,2.599902
3.8847370581463667,-0.261240131977245,-2.811915991651693,3.8946127145810348,0.0007451134010042795,2022-06-22-15-47-09,406.9589967727661,3.75258,2.599966
3.883915608029904,-0.261240131977245,-2.811896400007781,3.8943986396838346,0.000741794408656096,2022-06-22-15-47-10,408.0761396884918,3.752388,2.599974
3.8837513180072922,-0.26091155710439945,-2.811465383841229,3.89418954327334,0.0007368159219504302,2022-06-22-15-47-11,409.1977553367615,3.752151,2.599998
3.884408478099101,-0.26058298223164134,-2.8112694674020964,3.8939837658526337,0.000740134911738601,2022-06-22-15-47-12,410.3360278606415,3.751943,2.600014
3.8832584479408183,-0.25631150889370313,-2.8106033515102835,3.8937713504520843,0.0007467728915815756,2022-06-22-15-47-13,411.457444190979,3.751677,2.600006
3.883915608029904,-0.25992583248638695,-2.8107600846613185,3.8935771895004243,0.0007417944040880014,2022-06-22-15-47-14,412.57726407051086,3.751485,2.599854
3.884079898052743,-0.2620615691597417,-2.811093142607644,3.893381369053044,0.0007401349083678742,2022-06-22-15-47-15,413.67969942092896,3.751262,2.599886
3.8835870279849076,-0.26025440735897054,-2.8109168178124837,3.89318057012013,0.000745113393901566,2022-06-22-15-47-17,414.79905819892883,3.751011,2.600014
3.8816155477339804,-0.2610758445408113,-2.8110539593197763,3.8929714737133985,0.0007534108677193345,2022-06-22-15-47-18,415.9037890434265,3.750833,2.599974
3.8834227379627495,-0.2587758204330304,-2.8108972261687204,3.892770674780762,0.0007617083418151027,2022-06-22-15-47-19,417.0225143432617,3.750612,2.600006
3.8816155477339804,-0.2592686827414812,-2.810231110275314,3.8925715353466073,0.0007600488433342882,2022-06-22-15-47-20,418.14462637901306,3.750389,2.600062
3.881944127773534,-0.2569686586370477,-2.8098588690418262,3.892362438939297,0.000750091870178945,2022-06-22-15-47-21,419.2483055591583,3.750211,2.600078
3.8816155477339804,-0.26551160533222634,-2.810466210003908,3.8921550020280007,0.0007484323741649968,2022-06-22-15-47-22,420.36602783203125,3.749974,2.599934
3.8816155477339804,-0.26025440735897054,-2.810270293564827,3.8919475651167046,0.0007484323741649968,2022-06-22-15-47-23,421.5050365924835,3.749767,2.599958
3.881944127773534,-0.26321158121615806,-2.810681718087033,3.891743447195706,0.0007517513644635157,2022-06-22-15-47-24,422.6107485294342,3.74953,2.600006
3.8804655176026857,-0.260418694795295,-2.810466210004002,3.8915360102864183,0.0007550703527528765,2022-06-22-15-47-25,423.7169189453125,3.749338,2.599982
3.8807940976390647,-0.2586115329969235,-2.8098588690428117,3.8913186164039804,0.0007451133796023107,2022-06-22-15-47-27,424.80606389045715,3.74913,2.600046
3.8806298076207617,-0.26058298223164134,-2.8100547854816837,3.891102882017276,0.0007434538838686096,2022-06-22-15-47-28,425.89765071868896,3.748924,2.599966
3.8806298076207617,-0.261240131977245,-2.8099568272620976,3.8909020830893644,0.0007285184250762633,2022-06-22-15-47-29,427.03335070610046,3.748701,2.599926
3.8803012275848356,-0.26288300634278644,-2.810054785481749,3.890692986684948,0.0007268589290947425,2022-06-22-15-47-30,428.1283094882965,3.748494,2.600046
3.8806298076207617,-0.2620615691597417,-2.8099764189060332,3.8904905282616236,0.0007268589285253932,2022-06-22-15-47-31,429.23390674591064,3.748272,2.600022
3.8796440675157036,-0.26288300634278644,-2.8098392773984116,3.89028806983998,0.0007268589268450942,2022-06-22-15-47-32,430.343945980072,3.748035,2.599886
3.8799726475498164,-0.2610758445408113,-2.8101135604128684,3.8900789734361414,0.0007202209446501962,2022-06-22-15-47-33,431.44745206832886,3.747843,2.600006
3.8786583274188042,-0.2637044435263804,-2.8107796763056543,3.889854941575969,0.0007318374101550519,2022-06-22-15-47-34,432.5560209751129,3.747606,2.599806
3.8799726475498164,-0.261568706850178,-2.811289059046587,3.8896491641629525,0.0007401348848378792,2022-06-22-15-47-35,433.67728972435,3.747399,2.600006
3.8796440675157036,-0.26222585659630676,-2.8117200752123344,3.889443386750504,0.0007401348842686286,2022-06-22-15-47-37,434.7823815345764,3.747191,2.599998
3.8796440675157036,-0.26304729377946123,-2.8117984417880715,3.889245906815049,0.0007318374072768515,2022-06-22-15-47-38,435.8559024333954,3.746969,2.600014
3.878986907450197,-0.2574615209447831,-2.811191100827447,3.8890351509175445,0.0007318374061476985,2022-06-22-15-47-39,436.96226954460144,3.746776,2.600158
3.8793154874824975,-0.2635401560896176,-2.8115829337058678,3.888831033001065,0.0007318374055739488,2022-06-22-15-47-40,438.07000494003296,3.746539,2.59999
3.878494037403447,-0.2577900958167148,-2.8107796763055837,3.88862525559061,0.0007334968995495097,2022-06-22-15-47-41,439.16307520866394,3.746318,2.599974
3.8791511974662343,-0.25844724556083837,-2.810701309730097,3.888427775655973,0.0007384753845948515,2022-06-22-15-47-42,440.28263449668884,3.74611,2.600006
3.8775082973160626,-0.2627187189061336,-2.810779676305813,3.8882186792564717,0.000750091849459945,2022-06-22-15-47-43,441.3826644420624,3.745873,2.599982
3.877836877344284,-0.26058298223164134,-2.8107209013741,3.8880079233610076,0.0007484323534972598,2022-06-22-15-47-44,442.50265979766846,3.745636,2.600022
3.8776725873300606,-0.2610758445408113,-2.810740493018006,3.8878004864565967,0.000745113362443686,2022-06-22-15-47-45,443.6196663379669,3.745459,2.599942
3.878165457373413,-0.2641973058368009,-2.81130865069168,3.887591390055939,0.0007434538661964787,2022-06-22-15-47-47,444.755318403244,3.745251,2.600062
3.8757011071770338,-0.2648544555843369,-2.812425374393629,3.8873673582013417,0.0007583893201359393,2022-06-22-15-47-48,445.8759322166443,3.744985,2.599918
3.876029687200274,-0.25943297017767497,-2.8120923164472593,3.887153283318357,0.000755070328791294,2022-06-22-15-47-49,447.01028203964233,3.744792,2.599966
3.8766868472494713,-0.25844724556083837,-2.811798441788971,3.8869475059110306,0.0007600488137223703,2022-06-22-15-47-50,448.12724018096924,3.744555,2.599958
3.8766868472494713,-0.26009011992266784,-2.811759258501181,3.8867367500176053,0.0007550703276239316,2022-06-22-15-47-51,449.2606656551361,3.744348,2.599934
3.8757011071770338,-0.26009011992266784,-2.811700483569492,3.886527653621283,0.0007534108305217584,2022-06-22-15-47-52,450.39614391326904,3.744141,2.599806
3.8765225572368323,-0.2623901440328938,-2.8118572167208407,3.8863168977281495,0.0007517513337108718,2022-06-22-15-47-53,451.51721024513245,3.743919,2.599982
3.876029687200274,-0.261240131977245,-2.8118376250769286,3.88610614183589,0.0007517513328370971,2022-06-22-15-47-54,452.6377680301666,3.743682,2.600054
3.8752082371438714,-0.25894010786915894,-2.8116417086380565,3.885892066954384,0.0007550703220834432,2022-06-22-15-47-55,453.7410488128662,3.743445,2.599982
3.87504394713327,-0.2579543832527132,-2.8112890590481805,3.885692927531241,0.0007401348637199749,2022-06-22-15-47-57,454.8452970981598,3.743223,2.599982
3.8757011071770338,-0.2574615209447831,-2.811014776034013,3.885492128611657,0.0007384753672787231,2022-06-22-15-47-58,455.96703720092773,3.74303,2.600054
3.8743867870931283,-0.25894010786915894,-2.811034367677886,3.88527805373163,0.0007517513277222122,2022-06-22-15-47-59,457.0698025226593,3.742793,2.599942
3.874058207074415,-0.25729723350884964,-2.810603351512596,3.8850590003661716,0.0007534108224670702,2022-06-22-15-48-00,458.1914339065552,3.742556,2.59995
3.8734010470397036,-0.2610758445408113,-2.8108188595954267,3.8848366280112483,0.0007567298119316614,2022-06-22-15-48-01,459.3239710330963,3.74232,2.599934
3.8734010470397036,-0.2623901440328938,-2.8107600846636287,3.8846275316189693,0.0007434538492875667,2022-06-22-15-48-02,460.43057560920715,3.742142,2.599926
3.8730724670237056,-0.2610758445408113,-2.8103878434289045,3.884396861787956,0.0007285183906745966,2022-06-22-15-48-03,461.56510186195374,3.74189,2.599918
3.873565337048042,-0.261240131977245,-2.810799267950454,3.884181127414075,0.0007235399037306703,2022-06-22-15-48-04,462.68422293663025,3.741668,2.599934
3.873893917065397,-0.26469016814741975,-2.8117200752139513,3.883968712030269,0.0007268588938049647,2022-06-22-15-48-06,463.8005292415619,3.741446,2.599974
3.873893917065397,-0.2627187189061336,-2.8118964000092532,3.8837596156371235,0.0007235399031439387,2022-06-22-15-48-07,464.9387016296387,3.741224,2.599974
3.8717581469687623,-0.2587758204330304,-2.811680891926508,3.8835289458086586,0.0007451133384634832,2022-06-22-15-48-08,466.05968022346497,3.741002,2.599918
3.8724153069944243,-0.26288300634278644,-2.811759258502234,3.8833148709321788,0.0007417943465927628,2022-06-22-15-48-09,467.19496965408325,3.740751,2.600038
3.872086726981141,-0.261568706850178,-2.81179844179006,3.8831057745422086,0.0007368158600825098,2022-06-22-15-48-10,468.3292329311371,3.740543,2.600014
3.8707724069370526,-0.2653473178952208,-2.811955174941785,3.882876764210968,0.0007434538388936678,2022-06-22-15-48-11,469.4508104324341,3.740292,2.600022
3.871100986946718,-0.2592686827414812,-2.8118180334345655,3.8826477538790947,0.0007434538382614327,2022-06-22-15-48-12,470.56944465637207,3.740055,2.600022
3.872908177016046,-0.2587758204330304,-2.81136742562483,3.8824486144595274,0.0007500918162453826,2022-06-22-15-48-13,471.7049615383148,3.739803,2.600054
3.8719224369748386,-0.2620615691597417,-2.8117592585027826,3.8822295610980015,0.0007500918145133854,2022-06-22-15-48-15,472.82728338241577,3.739551,2.600054
3.8714295669572873,-0.2637044435263804,-2.811563342063152,3.882027102690343,0.0007334968606457159,2022-06-22-15-48-16,473.93411469459534,3.739314,2.600022
3.8702795369242504,-0.26173299428667735,-2.811896400009389,3.8817947733694353,0.0007268588773567077,2022-06-22-15-48-17,475.0525870323181,3.739093,2.599998
3.8696223769103453,-0.2623901440328938,-2.812307824531321,3.8815740605168574,0.0007152424090259644,2022-06-22-15-48-18,476.1739478111267,3.738885,2.599942
3.870115246920435,-0.26255443146950275,-2.8122294579555747,3.881359985644515,0.0007185613986929482,2022-06-22-15-48-19,477.29234170913696,3.738677,2.599894
3.870115246920435,-0.26255443146950275,-2.8122882328873566,3.881150889258008,0.0007135829128564682,2022-06-22-15-48-20,478.4127824306488,3.738411,2.599942
3.869950956916846,-0.26304729377946123,-2.8125233326144405,3.8809384738812387,0.000713582912565684,2022-06-22-15-48-21,479.532297372818,3.738204,2.59995
3.8704438269282915,-0.26173299428667735,-2.8123078245311803,3.8807277179988744,0.0007152424069698314,2022-06-22-15-48-22,480.63586139678955,3.738012,2.59999
3.8697866669134826,-0.2587758204330304,-2.812111908092334,3.8805186216129446,0.0007135829105347474,2022-06-22-15-48-23,481.72942900657654,3.737789,2.599958
3.869293796904749,-0.26255443146950275,-2.812347007819324,3.8802995682562558,0.000713582909648749,2022-06-22-15-48-25,482.83594942092896,3.737552,2.600006
3.8696223769103453,-0.2595972576138905,-2.8122686412437647,3.880088812375345,0.0007119234137815655,2022-06-22-15-48-26,483.95706844329834,3.737315,2.600038
3.868800926898049,-0.2574615209447831,-2.8120923164490015,3.8798647805337407,0.0007152424028305431,2022-06-22-15-48-27,485.07712626457214,3.737079,2.599862
3.86912950690229,-0.2635401560896176,-2.812621290834625,3.8796573436442254,0.0007052854306244115,2022-06-22-15-48-28,486.18055152893066,3.736871,2.59995
3.86912950690229,-0.26009011992266784,-2.8124645576834015,3.879441609278385,0.000696987954299154,2022-06-22-15-48-29,487.3034415245056,3.73662,2.599958
3.86912950690229,-0.2576258083807381,-2.8124057827518296,3.879225874912544,0.000696987954299154,2022-06-22-15-48-30,488.4240622520447,3.736427,2.600086
3.8681437668922802,-0.26091155710439945,-2.8126016991907536,3.879020097519989,0.0006870309810130063,2022-06-22-15-48-31,489.5440847873688,3.736161,2.600054
3.868472346894713,-0.2591043953053092,-2.812503740971337,3.8788076821458577,0.0006803929994357692,2022-06-22-15-48-32,490.6655430793762,3.735968,2.600046
3.867815186890752,-0.260418694795295,-2.8124841493274375,3.87858696929663,0.0006853714840155933,2022-06-22-15-48-34,491.80020213127136,3.735731,2.600062
3.8676508968903263,-0.2610758445408113,-2.8126604741225045,3.8783679159429623,0.0006837119884553517,2022-06-22-15-48-35,492.90594148635864,3.735524,2.600022
3.866665156892516,-0.260418694795295,-2.8126212908347035,3.87814554360062,0.0006870309771296615,2022-06-22-15-48-36,494.0453050136566,3.735243,2.599926
3.8669937368908824,-0.2592686827414812,-2.8126800657663305,3.877918192771904,0.0006820524907557394,2022-06-22-15-48-37,495.16430020332336,3.735006,2.60019
3.8669937368908824,-0.258282958124775,-2.81238619110808,3.877699139419445,0.0006737550144993291,2022-06-22-15-48-38,496.2891471385956,3.734769,2.600078
3.866500866893672,-0.26255443146950275,-2.8127976156300667,3.8774850645535976,0.0006687765278876758,2022-06-22-15-48-39,497.4238829612732,3.734532,2.59999
3.8668294468915865,-0.2637044435263804,-2.813071898645108,3.877254394734681,0.0006521815748190619,2022-06-22-15-48-40,498.54594683647156,3.734295,2.599974
3.8646936769212847,-0.26058298223164134,-2.8123665994630054,3.8770320223960164,0.0006438840945665933,2022-06-22-15-48-41,499.66927433013916,3.734043,2.600078
3.86452938692515,-0.2581186706887333,-2.8119159916535104,3.876798033591093,0.0006355866181276669,2022-06-22-15-48-43,500.77437686920166,3.733806,2.600038
3.86452938692515,-0.25894010786915894,-2.8114457921997804,3.8765690232718533,0.0006306081324426573,2022-06-22-15-48-44,501.8949270248413,3.733584,2.600054
3.865186546911045,-0.2627187189061336,-2.8118768083657,3.8763416724465856,0.0006322676264131537,2022-06-22-15-48-45,502.9993917942047,3.733348,2.600022
3.8646936769212847,-0.2587758204330304,-2.811347833980218,3.8761209596031385,0.0006256296445919546,2022-06-22-15-48-46,504.1066927909851,3.733096,2.599902
3.8650222569142327,-0.26288300634278644,-2.8113674256241534,3.875906884739946,0.0006256296439928558,2022-06-22-15-48-47,505.2249286174774,3.732874,2.59987
3.8646936769212847,-0.25844724556083837,-2.8110931426097694,3.8756828529060625,0.0006223106529577229,2022-06-22-15-48-48,506.3443729877472,3.732637,2.599958
3.8660079968984933,-0.26058298223164134,-2.8109364094584848,3.8754770755171952,0.0006306081266728574,2022-06-22-15-48-49,507.4492871761322,3.732415,2.599966
3.86370793694786,-0.2614044194137006,-2.8112694674046335,3.8752497246947466,0.0006521815602548512,2022-06-22-15-48-50,508.5691452026367,3.732178,2.599966
3.8638722269428665,-0.26321158121615806,-2.8113674256243115,3.875030671348023,0.0006472030743277053,2022-06-22-15-48-51,509.7059586048126,3.731926,2.600038
3.8638722269428665,-0.26288300634278644,-2.8112498757606437,3.8748165964868955,0.0006422245887321235,2022-06-22-15-48-53,510.82716965675354,3.731689,2.600062
3.8633793569585233,-0.2607472696680095,-2.8115241587750277,3.874587586169865,0.0006372461022106651,2022-06-22-15-48-54,511.94508481025696,3.731482,2.60003
3.8627221969825585,-0.26222585659630676,-2.8117592585019557,3.8743552568636925,0.0006405650913527624,2022-06-22-15-48-55,513.0654923915863,3.731245,2.59999
3.8633793569585233,-0.2637044435263804,-2.812111908092629,3.8741328845274805,0.0006438840805040331,2022-06-22-15-48-56,514.1874272823334,3.730964,2.599958
3.8627221969825585,-0.25647579632950696,-2.8112498757613595,3.873910512192492,0.0006438840792788851,2022-06-22-15-48-57,515.2787857055664,3.730741,2.599966
3.862065037010203,-0.2623901440328938,-2.811151917541683,3.873671544906801,0.0006405650876133473,2022-06-22-15-48-58,516.3829681873322,3.730504,2.599878
3.8627221969825585,-0.2607472696680095,-2.811093142609962,3.8734491725718128,0.0006372460959478095,2022-06-22-15-48-59,517.5029504299164,3.730283,2.59995
3.862065037010203,-0.26255443146950275,-2.8112498757613307,3.8732284597332307,0.000635586599542686,2022-06-22-15-49-00,518.5941801071167,3.73006,2.599926
3.861900747017678,-0.25976154505012783,-2.8111127342540567,3.873007746894951,0.0006355865992387809,2022-06-22-15-49-01,519.6990256309509,3.729809,2.599918
3.860750717076319,-0.25894010786915894,-2.8109168178151855,3.8727687796118926,0.0006405650825675698,2022-06-22-15-49-03,520.8040034770966,3.729572,2.599806
3.860422137095103,-0.25976154505012783,-2.8113282423362445,3.8725381098053697,0.0006322676060315449,2022-06-22-15-49-04,521.9258959293365,3.729335,2.600062
3.860586427085598,-0.26009011992266784,-2.8113478339801365,3.8723024615130033,0.0006272891201871924,2022-06-22-15-49-05,523.0459473133087,3.729069,2.599958
3.860422137095103,-0.25647579632950696,-2.810681718088235,3.872063494230602,0.0006272891198604863,2022-06-22-15-49-06,524.1528995037079,3.728846,2.600014
3.861079297058437,-0.2648544555843369,-2.8112302841183174,3.871836143413163,0.0006289486137544111,2022-06-22-15-49-07,525.273197889328,3.728609,2.600022
3.860093557114789,-0.25729723350884964,-2.810779676309121,3.871618749568525,0.0006189916409536126,2022-06-22-15-49-08,526.3798484802246,3.728373,2.599982
3.8599292671249703,-0.2620615691597417,-2.8111715091870733,3.871381441782285,0.0006023966890450225,2022-06-22-15-49-09,527.5005080699921,3.728136,2.600118
3.8599292671249703,-0.261568706850178,-2.8114457922016403,3.8711623884428,0.0005841422422897793,2022-06-22-15-49-10,528.6371603012085,3.727899,2.599902
3.8596006871460085,-0.26091155710439945,-2.811915991654622,3.870936697123329,0.0005841422416777436,2022-06-22-15-49-12,529.7558991909027,3.727677,2.599942
3.8596006871460085,-0.2592686827414812,-2.8111715091853204,3.8707143247941582,0.0005808232513792247,2022-06-22-15-49-13,530.8884537220001,3.727425,2.599918
3.8592721071679494,-0.26321158121615806,-2.811524158775853,3.8704886334753095,0.0005841422410565885,2022-06-22-15-49-14,532.0090296268463,3.727159,2.59991
3.8586149472145346,-0.26255443146950275,-2.811445792200106,3.870252985186835,0.0005874612300854923,2022-06-22-15-49-15,533.1459138393402,3.726937,2.599918
3.8587792372025502,-0.26304729377946123,-2.811759258502801,3.8700339318494597,0.0005741852686427397,2022-06-22-15-49-16,534.2528660297394,3.7267,2.599926
3.8577934972778367,-0.25976154505012783,-2.8118964000099473,3.8698016025528816,0.000580823247312785,2022-06-22-15-49-17,535.3827178478241,3.726448,2.599934
3.8577934972778367,-0.2623901440328938,-2.8121119080930073,3.8695709327514387,0.0005791637521784114,2022-06-22-15-49-18,536.4956505298615,3.726196,2.59995
3.8571363373325336,-0.25894010786915894,-2.811837625078514,3.8693336249707495,0.0005858017314238976,2022-06-22-15-49-19,537.589672088623,3.725944,2.59999
